-2.00000000e+00 1.13204846e+00
-1.99484099e+00 1.12121212e+00
-1.98046199e+00 1.09090909e+00
-1.98000000e+00 1.08993198e+00
-1.96613402e+00 1.06060606e+00
-1.96000000e+00 1.04758419e+00
-1.95185942e+00 1.03030303e+00
-1.94000000e+00 1.00502653e+00
-1.93764155e+00 1.00000000e+00
-1.92348433e+00 9.69696970e-01
-1.92000000e+00 9.62204946e-01
-1.90939139e+00 9.39393939e-01
-1.90000000e+00 9.19102828e-01
-1.89536597e+00 9.09090909e-01
-1.88141203e+00 8.78787879e-01
-1.88000000e+00 8.75704618e-01
-1.86753361e+00 8.48484848e-01
-1.86000000e+00 8.31940497e-01
-1.85373590e+00 8.18181818e-01
-1.84002406e+00 7.87878788e-01
-1.84000000e+00 7.87825265e-01
-1.82640179e+00 7.57575758e-01
-1.82000000e+00 7.43236116e-01
-1.81287342e+00 7.27272727e-01
-1.80000000e+00 6.98224023e-01
-1.79944415e+00 6.96969697e-01
-1.78612032e+00 6.66666667e-01
-1.78000000e+00 6.52631807e-01
-1.77290536e+00 6.36363636e-01
-1.76000000e+00 6.06512337e-01
-1.75980472e+00 6.06060606e-01
-1.74682622e+00 5.75757576e-01
-1.74000000e+00 5.59663267e-01
-1.73397369e+00 5.45454545e-01
-1.72125319e+00 5.15151515e-01
-1.72000000e+00 5.12133426e-01
-1.70867089e+00 4.84848485e-01
-1.70000000e+00 4.63724959e-01
-1.69623230e+00 4.54545455e-01
-1.68394419e+00 4.24242424e-01
-1.68000000e+00 4.14391367e-01
-1.67181183e+00 3.93939394e-01
-1.66000000e+00 3.64039197e-01
-1.65984087e+00 3.63636364e-01
-1.64803764e+00 3.33333333e-01
-1.64000000e+00 3.12391295e-01
-1.63640741e+00 3.03030303e-01
-1.62495648e+00 2.72727273e-01
-1.62000000e+00 2.59396324e-01
-1.61369013e+00 2.42424242e-01
-1.60261385e+00 2.12121212e-01
-1.60000000e+00 2.04841969e-01
-1.59173279e+00 1.81818182e-01
-1.58105193e+00 1.51515152e-01
-1.58000000e+00 1.48472295e-01
-1.57057656e+00 1.21212121e-01
-1.56031083e+00 9.09090909e-02
-1.56000000e+00 8.99720365e-02
-1.55025934e+00 6.06060606e-02
-1.54042591e+00 3.03030303e-02
-1.54000000e+00 2.89602542e-02
-1.53081498e+00 0.00000000e+00
-1.52142932e+00 -3.03030303e-02
-1.52000000e+00 -3.50327719e-02
-1.51227163e+00 -6.06060606e-02
-1.50334496e+00 -9.09090909e-02
-1.50000000e+00 -1.02568660e-01
-1.49465170e+00 -1.21212121e-01
-1.48619386e+00 -1.51515152e-01
-1.48000000e+00 -1.74345618e-01
-1.47797266e+00 -1.81818182e-01
-1.46998923e+00 -2.12121212e-01
-1.46224449e+00 -2.42424242e-01
-1.46000000e+00 -2.51485723e-01
-1.45473844e+00 -2.72727273e-01
-1.44747126e+00 -3.03030303e-01
-1.44044245e+00 -3.33333333e-01
-1.44000000e+00 -3.35307458e-01
-1.43365087e+00 -3.63636364e-01
-1.42709541e+00 -3.93939394e-01
-1.42077426e+00 -4.24242424e-01
-1.42000000e+00 -4.28095564e-01
-1.41468491e+00 -4.54545455e-01
-1.40882524e+00 -4.84848485e-01
-1.40319235e+00 -5.15151515e-01
-1.40000000e+00 -5.33034530e-01
-1.39778281e+00 -5.45454545e-01
-1.39259305e+00 -5.75757576e-01
-1.38761934e+00 -6.06060606e-01
-1.38285742e+00 -6.36363636e-01
-1.38000000e+00 -6.55374605e-01
-1.37830263e+00 -6.66666667e-01
-1.37395017e+00 -6.96969697e-01
-1.36979538e+00 -7.27272727e-01
-1.36583306e+00 -7.57575758e-01
-1.36205784e+00 -7.87878788e-01
-1.36000000e+00 -8.05231096e-01
-1.35846402e+00 -8.18181818e-01
-1.35504596e+00 -8.48484848e-01
-1.35179816e+00 -8.78787879e-01
-1.34871478e+00 -9.09090909e-01
-1.34578996e+00 -9.39393939e-01
-1.34301781e+00 -9.69696970e-01
-1.34039243e+00 -1.00000000e+00

-2.00000000e+00 1.65035421e+00
-1.99311046e+00 1.63636364e+00
-1.98000000e+00 1.60970613e+00
-1.97820667e+00 1.60606061e+00
-1.96331841e+00 1.57575758e+00
-1.96000000e+00 1.56899409e+00
-1.94844801e+00 1.54545455e+00
-1.94000000e+00 1.52821354e+00
-1.93359816e+00 1.51515152e+00
-1.92000000e+00 1.48736110e+00
-1.91877026e+00 1.48484848e+00
-1.90396280e+00 1.45454545e+00
-1.90000000e+00 1.44642124e+00
-1.88917909e+00 1.42424242e+00
-1.88000000e+00 1.40539213e+00
-1.87442176e+00 1.39393939e+00
-1.86000000e+00 1.36426872e+00
-1.85969256e+00 1.36363636e+00
-1.84498967e+00 1.33333333e+00
-1.84000000e+00 1.32302572e+00
-1.83031840e+00 1.30303030e+00
-1.82000000e+00 1.28166697e+00
-1.81568104e+00 1.27272727e+00
-1.80107887e+00 1.24242424e+00
-1.80000000e+00 1.24017945e+00
-1.78651188e+00 1.21212121e+00
-1.78000000e+00 1.19853493e+00
-1.77198557e+00 1.18181818e+00
-1.76000000e+00 1.15673950e+00
-1.75750255e+00 1.15151515e+00
-1.74306342e+00 1.12121212e+00
-1.74000000e+00 1.11476075e+00
-1.72867108e+00 1.09090909e+00
-1.72000000e+00 1.07258419e+00
-1.71433067e+00 1.06060606e+00
-1.70004548e+00 1.03030303e+00
-1.70000000e+00 1.03020617e+00
-1.68581461e+00 1.00000000e+00
-1.68000000e+00 9.87562373e-01
-1.67164551e+00 9.69696970e-01
-1.66000000e+00 9.44674019e-01
-1.65754202e+00 9.39393939e-01
-1.64350553e+00 9.09090909e-01
-1.64000000e+00 9.01482566e-01
-1.62954043e+00 8.78787879e-01
-1.62000000e+00 8.57968310e-01
-1.61565305e+00 8.48484848e-01
-1.60184656e+00 8.18181818e-01
-1.60000000e+00 8.14103321e-01
-1.58812307e+00 7.87878788e-01
-1.58000000e+00 7.69819788e-01
-1.57449093e+00 7.57575758e-01
-1.56095450e+00 7.27272727e-01
-1.56000000e+00 7.25119937e-01
-1.54751470e+00 6.96969697e-01
-1.54000000e+00 6.79888522e-01
-1.53418145e+00 6.66666667e-01
-1.52095961e+00 6.36363636e-01
-1.52000000e+00 6.34144767e-01
-1.50785007e+00 6.06060606e-01
-1.50000000e+00 5.87740769e-01
-1.49486344e+00 5.75757576e-01
-1.48200408e+00 5.45454545e-01
-1.48000000e+00 5.40682205e-01
-1.46927484e+00 5.15151515e-01
-1.46000000e+00 4.92823569e-01
-1.45668599e+00 4.84848485e-01
-1.44424015e+00 4.54545455e-01
-1.44000000e+00 4.44093485e-01
-1.43194381e+00 4.24242424e-01
-1.42000000e+00 3.94423513e-01
-1.41980600e+00 3.93939394e-01
-1.40782545e+00 3.63636364e-01
-1.40000000e+00 3.43555007e-01
-1.39601541e+00 3.33333333e-01
-1.38437883e+00 3.03030303e-01
-1.38000000e+00 2.91446407e-01
-1.37292059e+00 2.72727273e-01
-1.36164882e+00 2.42424242e-01
-1.36000000e+00 2.37914966e-01
-1.35056382e+00 2.12121212e-01
-1.34000000e+00 1.82714684e-01
-1.33967780e+00 1.81818182e-01
-1.32898847e+00 1.51515152e-01
-1.32000000e+00 1.25523769e-01
-1.31850814e+00 1.21212121e-01
-1.30823444e+00 9.09090909e-02
-1.30000000e+00 6.60937682e-02
-1.29817803e+00 6.06060606e-02
-1.28833701e+00 3.03030303e-02
-1.28000000e+00 4.02791584e-03
-1.27872123e+00 0.00000000e+00
-1.26932742e+00 -3.03030303e-02
-1.26016623e+00 -6.06060606e-02
-1.26000000e+00 -6.11701844e-02
-1.25123163e+00 -9.09090909e-02
-1.24253425e+00 -1.21212121e-01
-1.24000000e+00 -1.30288928e-01
-1.23406979e+00 -1.51515152e-01
-1.22584338e+00 -1.81818182e-01
-1.22000000e+00 -2.03991434e-01
-1.21785616e+00 -2.12121212e-01
-1.21010532e+00 -2.42424242e-01
-1.20259657e+00 -2.72727273e-01
-1.20000000e+00 -2.83552452e-01
-1.19532473e+00 -3.03030303e-01
-1.18829153e+00 -3.33333333e-01
-1.18149830e+00 -3.63636364e-01
-1.18000000e+00 -3.70561389e-01
-1.17493817e+00 -3.93939394e-01
-1.16861326e+00 -4.24242424e-01
-1.16252264e+00 -4.54545455e-01
-1.16000000e+00 -4.67590413e-01
-1.15666003e+00 -4.84848485e-01
-1.15102357e+00 -5.15151515e-01
-1.14561242e+00 -5.45454545e-01
-1.14042272e+00 -5.75757576e-01
-1.14000000e+00 -5.78333184e-01
-1.13544558e+00 -6.06060606e-01
-1.13068134e+00 -6.36363636e-01
-1.12612574e+00 -6.66666667e-01
-1.12177385e+00 -6.96969697e-01
-1.12000000e+00 -7.09910426e-01
-1.11761797e+00 -7.27272727e-01
-1.11365375e+00 -7.57575758e-01
-1.10987762e+00 -7.87878788e-01
-1.10628390e+00 -8.18181818e-01
-1.10286683e+00 -8.48484848e-01
-1.10000000e+00 -8.75245431e-01
-1.09962015e+00 -8.78787879e-01
-1.09653545e+00 -9.09090909e-01
-1.09360994e+00 -9.39393939e-01
-1.09083764e+00 -9.69696970e-01
-1.08821258e+00 -1.00000000e+00

-1.91727158e+00 2.00000000e+00
-1.90274309e+00 1.96969697e+00
-1.90000000e+00 1.96403632e+00
-1.88804786e+00 1.93939394e+00
-1.88000000e+00 1.92291767e+00
-1.87324047e+00 1.90909091e+00
-1.86000000e+00 1.88212618e+00
-1.85835942e+00 1.87878788e+00
-1.84342479e+00 1.84848485e+00
-1.84000000e+00 1.84154435e+00
-1.82846309e+00 1.81818182e+00
-1.82000000e+00 1.80104342e+00
-1.81349426e+00 1.78787879e+00
-1.80000000e+00 1.76055315e+00
-1.79852855e+00 1.75757576e+00
-1.78356235e+00 1.72727273e+00
-1.78000000e+00 1.72005142e+00
-1.76860519e+00 1.69696970e+00
-1.76000000e+00 1.67951154e+00
-1.75366397e+00 1.66666667e+00
-1.74000000e+00 1.63891902e+00
-1.73874066e+00 1.63636364e+00
-1.72382580e+00 1.60606061e+00
-1.72000000e+00 1.59827461e+00
-1.70892761e+00 1.57575758e+00
-1.70000000e+00 1.55756675e+00
-1.69405106e+00 1.54545455e+00
-1.68000000e+00 1.51678724e+00
-1.67919763e+00 1.51515152e+00
-1.66435621e+00 1.48484848e+00
-1.66000000e+00 1.47593524e+00
-1.64953804e+00 1.45454545e+00
-1.64000000e+00 1.43499882e+00
-1.63474709e+00 1.42424242e+00
-1.62000000e+00 1.39396973e+00
-1.61998521e+00 1.39393939e+00
-1.60523901e+00 1.36363636e+00
-1.60000000e+00 1.35284124e+00
-1.59052499e+00 1.33333333e+00
-1.58000000e+00 1.31160162e+00
-1.57584535e+00 1.30303030e+00
-1.56119898e+00 1.27272727e+00
-1.56000000e+00 1.27024025e+00
-1.54657925e+00 1.24242424e+00
-1.54000000e+00 1.22874265e+00
-1.53200032e+00 1.21212121e+00
-1.52000000e+00 1.18709943e+00
-1.51746491e+00 1.18181818e+00
-1.50296713e+00 1.15151515e+00
-1.50000000e+00 1.14529139e+00
-1.48851055e+00 1.12121212e+00
-1.48000000e+00 1.10330239e+00
-1.47410554e+00 1.09090909e+00
-1.46000000e+00 1.06112199e+00
-1.45975546e+00 1.06060606e+00
-1.44544783e+00 1.03030303e+00
-1.44000000e+00 1.01870922e+00
-1.43120050e+00 1.00000000e+00
-1.42000000e+00 9.76063486e-01
-1.41701803e+00 9.69696970e-01
-1.40289585e+00 9.39393939e-01
-1.40000000e+00 9.33147251e-01
-1.38883737e+00 9.09090909e-01
-1.38000000e+00 8.89930488e-01
-1.37485546e+00 8.78787879e-01
-1.36095192e+00 8.48484848e-01
-1.36000000e+00 8.46397650e-01
-1.34711855e+00 8.18181818e-01
-1.34000000e+00 8.02478140e-01
-1.33337502e+00 7.87878788e-01
-1.32000000e+00 7.58182040e-01
-1.31972663e+00 7.57575758e-01
-1.30615979e+00 7.27272727e-01
-1.30000000e+00 7.13399461e-01
-1.29269703e+00 6.96969697e-01
-1.28000000e+00 6.68151391e-01
-1.27934507e+00 6.66666667e-01
-1.26609095e+00 6.36363636e-01
-1.26000000e+00 6.22302218e-01
-1.25295615e+00 6.06060606e-01
-1.24000000e+00 5.75875996e-01
-1.23994910e+00 5.75757576e-01
-1.22705375e+00 5.45454545e-01
-1.22000000e+00 5.28688443e-01
-1.21429746e+00 5.15151515e-01
-1.20168216e+00 4.84848485e-01
-1.20000000e+00 4.80759740e-01
-1.18920054e+00 4.54545455e-01
-1.18000000e+00 4.31913581e-01
-1.17687702e+00 4.24242424e-01
-1.16470384e+00 3.93939394e-01
-1.16000000e+00 3.82062831e-01
-1.15269151e+00 3.63636364e-01
-1.14085428e+00 3.33333333e-01
-1.14000000e+00 3.31113305e-01
-1.12917726e+00 3.03030303e-01
-1.12000000e+00 2.78812919e-01
-1.11769009e+00 2.72727273e-01
-1.10637900e+00 2.42424242e-01
-1.10000000e+00 2.25023316e-01
-1.09526218e+00 2.12121212e-01
-1.08433989e+00 1.81818182e-01
-1.08000000e+00 1.69542409e-01
-1.07361591e+00 1.51515152e-01
-1.06310210e+00 1.21212121e-01
-1.06000000e+00 1.12083130e-01
-1.05279178e+00 9.09090909e-02
-1.04270325e+00 6.06060606e-02
-1.04000000e+00 5.23016318e-02
-1.03282556e+00 3.03030303e-02
-1.02317765e+00 0.00000000e+00
-1.02000000e+00 -1.02265750e-02
-1.01374926e+00 -3.03030303e-02
-1.00455429e+00 -6.06060606e-02
-1.00000000e+00 -7.60165868e-02
-9.95589395e-01 -9.09090909e-02
-9.86856980e-01 -1.21212121e-01
-9.80000000e-01 -1.45698512e-01
-9.78367606e-01 -1.51515152e-01
-9.70105279e-01 -1.81818182e-01
-9.62093486e-01 -2.12121212e-01
-9.60000000e-01 -2.20287464e-01
-9.54311920e-01 -2.42424242e-01
-9.46773942e-01 -2.72727273e-01
-9.40000000e-01 -3.00888421e-01
-9.39483531e-01 -3.03030303e-01
-9.32418408e-01 -3.33333333e-01
-9.25600777e-01 -3.63636364e-01
-9.20000000e-01 -3.89454396e-01
-9.19024562e-01 -3.93939394e-01
-9.12671956e-01 -4.24242424e-01
-9.06560056e-01 -4.54545455e-01
-9.00685255e-01 -4.84848485e-01
-9.00000000e-01 -4.88526509e-01
-8.95026230e-01 -5.15151515e-01
-8.89595525e-01 -5.45454545e-01
-8.84391101e-01 -5.75757576e-01
-8.80000000e-01 -6.02459277e-01
-8.79406079e-01 -6.06060606e-01
-8.74622926e-01 -6.36363636e-01
-8.70052591e-01 -6.66666667e-01
-8.65689624e-01 -6.96969697e-01
-8.61528414e-01 -7.27272727e-01
-8.60000000e-01 -7.38948702e-01
-8.57554406e-01 -7.57575758e-01
-8.53766059e-01 -7.87878788e-01
-8.50162929e-01 -8.18181818e-01
-8.46738888e-01 -8.48484848e-01
-8.43487756e-01 -8.78787879e-01
-8.40403331e-01 -9.09090909e-01
-8.40000000e-01 -9.13269223e-01
-8.37470252e-01 -9.39393939e-01
-8.34690801e-01 -9.69696970e-01
-8.32060238e-01 -1.00000000e+00

-1.65222784e+00 2.00000000e+00
-1.64000000e+00 1.97464725e+00
-1.63760408e+00 1.96969697e+00
-1.62282724e+00 1.93939394e+00
-1.62000000e+00 1.93362353e+00
-1.60794460e+00 1.90909091e+00
-1.60000000e+00 1.89294385e+00
-1.59301493e+00 1.87878788e+00
-1.58000000e+00 1.85239886e+00
-1.57806411e+00 1.84848485e+00
-1.56307801e+00 1.81818182e+00
-1.56000000e+00 1.81194996e+00
-1.54807947e+00 1.78787879e+00
-1.54000000e+00 1.77151785e+00
-1.53309651e+00 1.75757576e+00
-1.52000000e+00 1.73104187e+00
-1.51813453e+00 1.72727273e+00
-1.50316368e+00 1.69696970e+00
-1.50000000e+00 1.69055036e+00
-1.48819826e+00 1.66666667e+00
-1.48000000e+00 1.65001632e+00
-1.47325951e+00 1.63636364e+00
-1.46000000e+00 1.60940699e+00
-1.45834939e+00 1.60606061e+00
-1.44343342e+00 1.57575758e+00
-1.44000000e+00 1.56876191e+00
-1.42853016e+00 1.54545455e+00
-1.42000000e+00 1.52805261e+00
-1.41365855e+00 1.51515152e+00
-1.40000000e+00 1.48725064e+00
-1.39882070e+00 1.48484848e+00
-1.38397653e+00 1.45454545e+00
-1.38000000e+00 1.44639858e+00
-1.36915553e+00 1.42424242e+00
-1.36000000e+00 1.40545486e+00
-1.35437230e+00 1.39393939e+00
-1.34000000e+00 1.36439585e+00
-1.33962944e+00 1.36363636e+00
-1.32487732e+00 1.33333333e+00
-1.32000000e+00 1.32326889e+00
-1.31016405e+00 1.30303030e+00
-1.30000000e+00 1.28201250e+00
-1.29549644e+00 1.27272727e+00
-1.28086850e+00 1.24242424e+00
-1.28000000e+00 1.24061980e+00
-1.26624345e+00 1.21212121e+00
-1.26000000e+00 1.19911629e+00
-1.25167051e+00 1.18181818e+00
-1.24000000e+00 1.15744249e+00
-1.23715329e+00 1.15151515e+00
-1.22266716e+00 1.12121212e+00
-1.22000000e+00 1.11560700e+00
-1.20821175e+00 1.09090909e+00
-1.20000000e+00 1.07359447e+00
-1.19382043e+00 1.06060606e+00
-1.18000000e+00 1.03136258e+00
-1.17949760e+00 1.03030303e+00
-1.16519174e+00 1.00000000e+00
-1.16000000e+00 9.88926637e-01
-1.15095483e+00 9.69696970e-01
-1.14000000e+00 9.46231264e-01
-1.13679716e+00 9.39393939e-01
-1.12269512e+00 9.09090909e-01
-1.12000000e+00 9.03261881e-01
-1.10864571e+00 8.78787879e-01
-1.10000000e+00 8.59992383e-01
-1.09468793e+00 8.48484848e-01
-1.08081922e+00 8.18181818e-01
-1.08000000e+00 8.16380032e-01
-1.06699550e+00 7.87878788e-01
-1.06000000e+00 7.72397255e-01
-1.05327791e+00 7.57575758e-01
-1.04000000e+00 7.27997226e-01
-1.03967351e+00 7.27272727e-01
-1.02612224e+00 6.96969697e-01
-1.02000000e+00 6.83128369e-01
-1.01269031e+00 6.66666667e-01
-1.00000000e+00 6.37749936e-01
-9.99389095e-01 6.36363636e-01
-9.86158162e-01 6.06060606e-01
-9.80000000e-01 5.91779868e-01
-9.73062144e-01 5.75757576e-01
-9.60115190e-01 5.45454545e-01
-9.60000000e-01 5.45182105e-01
-9.47248828e-01 5.15151515e-01
-9.40000000e-01 4.97828109e-01
-9.34544613e-01 4.84848485e-01
-9.21990483e-01 4.54545455e-01
-9.20000000e-01 4.49677001e-01
-9.09553547e-01 4.24242424e-01
-9.00000000e-01 4.00588926e-01
-8.97301322e-01 3.93939394e-01
-8.85186282e-01 3.63636364e-01
-8.80000000e-01 3.50443713e-01
-8.73240186e-01 3.33333333e-01
-8.61486591e-01 3.03030303e-01
-8.60000000e-01 2.99134149e-01
-8.49872867e-01 2.72727273e-01
-8.40000000e-01 2.46443731e-01
-8.38482000e-01 2.42424242e-01
-8.27243101e-01 2.12121212e-01
-8.20000000e-01 1.92163615e-01
-8.16224358e-01 1.81818182e-01
-8.05393131e-01 1.51515152e-01
-8.00000000e-01 1.36084962e-01
-7.94771417e-01 1.21212121e-01
-7.84363033e-01 9.09090909e-02
-7.80000000e-01 7.79034307e-02
-7.74162173e-01 6.06060606e-02
-7.64190415e-01 3.03030303e-02
-7.60000000e-01 1.72427832e-02
-7.54432677e-01 0.00000000e+00
-7.44908993e-01 -3.03030303e-02
-7.40000000e-01 -4.63583068e-02
-7.35615001e-01 -6.06060606e-02
-7.26548777e-01 -9.09090909e-02
-7.20000000e-01 -1.13470249e-01
-7.17737238e-01 -1.21212121e-01
-7.09134810e-01 -1.51515152e-01
-7.00813162e-01 -1.81818182e-01
-7.00000000e-01 -1.84870253e-01
-6.92687655e-01 -2.12121212e-01
-6.84833156e-01 -2.42424242e-01
-6.80000000e-01 -2.61721955e-01
-6.77222925e-01 -2.72727273e-01
-6.69834789e-01 -3.03030303e-01
-6.62719697e-01 -3.33333333e-01
-6.60000000e-01 -3.45344631e-01
-6.55825650e-01 -3.63636364e-01
-6.49169318e-01 -3.93939394e-01
-6.42776398e-01 -4.24242424e-01
-6.40000000e-01 -4.37932097e-01
-6.36602841e-01 -4.54545455e-01
-6.30654665e-01 -4.84848485e-01
-6.24957821e-01 -5.15151515e-01
-6.20000000e-01 -5.42701338e-01
-6.19500227e-01 -5.45454545e-01
-6.14228068e-01 -5.75757576e-01
-6.09192859e-01 -6.06060606e-01
-6.04387728e-01 -6.36363636e-01
-6.00000000e-01 -6.65379327e-01
-5.99803549e-01 -6.66666667e-01
-5.95388308e-01 -6.96969697e-01
-5.91186423e-01 -7.27272727e-01
-5.87190675e-01 -7.57575758e-01
-5.83393873e-01 -7.87878788e-01
-5.80000000e-01 -8.16403855e-01
-5.79786420e-01 -8.18181818e-01
-5.76327025e-01 -8.48484848e-01
-5.73048267e-01 -8.78787879e-01
-5.69942932e-01 -9.09090909e-01
-5.67003906e-01 -9.39393939e-01
-5.64224189e-01 -9.69696970e-01
-5.61596904e-01 -1.00000000e+00

-1.33526101e+00 2.00000000e+00
-1.32042252e+00 1.96969697e+00
-1.32000000e+00 1.96883688e+00
-1.30539641e+00 1.93939394e+00
-1.30000000e+00 1.92843849e+00
-1.29037865e+00 1.90909091e+00
-1.28000000e+00 1.88804949e+00
-1.27538806e+00 1.87878788e+00
-1.26042207e+00 1.84848485e+00
-1.26000000e+00 1.84762966e+00
-1.24533347e+00 1.81818182e+00
-1.24000000e+00 1.80737174e+00
-1.23029343e+00 1.78787879e+00
-1.22000000e+00 1.76700456e+00
-1.21530668e+00 1.75757576e+00
-1.20036345e+00 1.72727273e+00
-1.20000000e+00 1.72653479e+00
-1.18530522e+00 1.69696970e+00
-1.18000000e+00 1.68618947e+00
-1.17030265e+00 1.66666667e+00
-1.16000000e+00 1.64571363e+00
-1.15535886e+00 1.63636364e+00
-1.14045978e+00 1.60606061e+00
-1.14000000e+00 1.60512389e+00
-1.12545210e+00 1.57575758e+00
-1.12000000e+00 1.56463827e+00
-1.11050470e+00 1.54545455e+00
-1.10000000e+00 1.52400679e+00
-1.09562100e+00 1.51515152e+00
-1.08077546e+00 1.48484848e+00
-1.08000000e+00 1.48326147e+00
-1.06583616e+00 1.45454545e+00
-1.06000000e+00 1.44258530e+00
-1.05096309e+00 1.42424242e+00
-1.04000000e+00 1.40174299e+00
-1.03616022e+00 1.39393939e+00
-1.02137979e+00 1.36363636e+00
-1.02000000e+00 1.36079575e+00
-1.00653197e+00 1.33333333e+00
-1.00000000e+00 1.31986196e+00
-9.91758267e-01 1.30303030e+00
-9.80000000e-01 1.27873469e+00
-9.77063305e-01 1.27272727e+00
-9.62362847e-01 1.24242424e+00
-9.60000000e-01 1.23752166e+00
-9.47636632e-01 1.21212121e+00
-9.40000000e-01 1.19623987e+00
-9.32994896e-01 1.18181818e+00
-9.20000000e-01 1.15472734e+00
-9.18443170e-01 1.15151515e+00
-9.03841969e-01 1.12121212e+00
-9.00000000e-01 1.11315864e+00
-8.89276728e-01 1.09090909e+00
-8.80000000e-01 1.07140519e+00
-8.74809467e-01 1.06060606e+00
-8.60430756e-01 1.03030303e+00
-8.60000000e-01 1.02939127e+00
-8.45969303e-01 1.00000000e+00
-8.40000000e-01 9.87319026e-01
-8.31615880e-01 9.69696970e-01
-8.20000000e-01 9.44924656e-01
-8.17378055e-01 9.39393939e-01
-8.03145872e-01 9.09090909e-01
-8.00000000e-01 9.02322751e-01
-7.88940757e-01 8.78787879e-01
-7.80000000e-01 8.59461556e-01
-7.74864621e-01 8.48484848e-01
-7.60893594e-01 8.18181818e-01
-7.60000000e-01 8.16229454e-01
-7.46877175e-01 7.87878788e-01
-7.40000000e-01 7.72767203e-01
-7.33006024e-01 7.57575758e-01
-7.20000000e-01 7.28822124e-01
-7.19290745e-01 7.27272727e-01
-7.05535177e-01 6.96969697e-01
-7.00000000e-01 6.84563085e-01
-6.91919138e-01 6.66666667e-01
-6.80000000e-01 6.39753744e-01
-6.78479873e-01 6.36363636e-01
-6.65042868e-01 6.06060606e-01
-6.60000000e-01 5.94483855e-01
-6.51739865e-01 5.75757576e-01
-6.40000000e-01 5.48567980e-01
-6.38638180e-01 5.45454545e-01
-6.25547603e-01 5.15151515e-01
-6.20000000e-01 5.02046294e-01
-6.12623632e-01 4.84848485e-01
-6.00000000e-01 4.54711331e-01
-5.99929568e-01 4.54545455e-01
-5.87216322e-01 4.24242424e-01
-5.80000000e-01 4.06604982e-01
-5.74745613e-01 3.93939394e-01
-5.62449153e-01 3.63636364e-01
-5.60000000e-01 3.57491321e-01
-5.50234385e-01 3.33333333e-01
-5.40000000e-01 3.07294039e-01
-5.38299440e-01 3.03030303e-01
-5.26431788e-01 2.72727273e-01
-5.20000000e-01 2.55852843e-01
-5.14804062e-01 2.42424242e-01
-5.03375249e-01 2.12121212e-01
-5.00000000e-01 2.02960407e-01
-4.92088910e-01 1.81818182e-01
-4.81102913e-01 1.51515152e-01
-4.80000000e-01 1.48407915e-01
-4.70191874e-01 1.21212121e-01
-4.60000000e-01 9.19244485e-02
-4.59640772e-01 9.09090909e-02
-4.49150451e-01 6.06060606e-02
-4.40000000e-01 3.31634295e-02
-4.39029784e-01 3.03030303e-02
-4.29000948e-01 0.00000000e+00
-4.20000000e-01 -2.82785559e-02
-4.19344103e-01 -3.03030303e-02
-4.09777868e-01 -6.06060606e-02
-4.00597219e-01 -9.09090909e-02
-4.00000000e-01 -9.29358431e-02
-3.91513364e-01 -1.21212121e-01
-3.82786892e-01 -1.51515152e-01
-3.80000000e-01 -1.61520575e-01
-3.74237017e-01 -1.81818182e-01
-3.65962330e-01 -2.12121212e-01
-3.60000000e-01 -2.34858420e-01
-3.57975889e-01 -2.42424242e-01
-3.50148263e-01 -2.72727273e-01
-3.42665739e-01 -3.03030303e-01
-3.40000000e-01 -3.14246470e-01
-3.35367146e-01 -3.33333333e-01
-3.28316008e-01 -3.63636364e-01
-3.21587269e-01 -3.93939394e-01
-3.20000000e-01 -4.01376557e-01
-3.15010068e-01 -4.24242424e-01
-3.08693409e-01 -4.54545455e-01
-3.02677107e-01 -4.84848485e-01
-3.00000000e-01 -4.98945256e-01
-2.96848651e-01 -5.15151515e-01
-2.91221466e-01 -5.45454545e-01
-2.85872731e-01 -5.75757576e-01
-2.80790953e-01 -6.06060606e-01
-2.80000000e-01 -6.10997376e-01
-2.75831369e-01 -6.36363636e-01
-2.71101779e-01 -6.66666667e-01
-2.66617677e-01 -6.96969697e-01
-2.62368509e-01 -7.27272727e-01
-2.60000000e-01 -7.45063685e-01
-2.58287867e-01 -7.57575758e-01
-2.54350221e-01 -7.87878788e-01
-2.50626438e-01 -8.18181818e-01
-2.47106753e-01 -8.48484848e-01
-2.43781743e-01 -8.78787879e-01
-2.40642308e-01 -9.09090909e-01
-2.40000000e-01 -9.15638848e-01
-2.37598387e-01 -9.39393939e-01
-2.34706766e-01 -9.69696970e-01
-2.31981401e-01 -1.00000000e+00

