# pdfs for 100 shots per point of a perfect pattern.  There are two data blocks
# separated by a blank line.  The first is for the unbiased estimator and the
# second is the naive estimator, both defined in r3.py.
#
# Within each block, the first column is the value of r_3, second is the
# (normalised such that the max is 1) pdf of a true Gaussian using the mean and
# std of the distribution of values from 1_000_000 simulations and the last
# column is the Monte--Carlo'd pdf from the same 1_000_000 samples of the
# distribution using the estimators in r3.py.
1.52767019e+00 1.85771441e-05 6.57706855e-06
1.52917713e+00 2.16543062e-05 6.57706855e-06
1.53068407e+00 2.52137352e-05 6.57706855e-06
1.53219101e+00 2.93263281e-05 6.57706855e-06
1.53369794e+00 3.40726396e-05 6.57706855e-06
1.53520488e+00 3.95440783e-05 6.57706855e-06
1.53671182e+00 4.58442343e-05 6.57706855e-06
1.53821876e+00 5.30903488e-05 6.57706855e-06
1.53972570e+00 6.14149385e-05 6.57706855e-06
1.54123264e+00 7.09675892e-05 6.57706855e-06
1.54273958e+00 8.19169307e-05 6.57706855e-06
1.54424652e+00 9.44528092e-05 1.01606804e-05
1.54575346e+00 1.08788672e-04 1.56339939e-05
1.54726040e+00 1.25164180e-04 1.75236955e-05
1.54876734e+00 1.43848067e-04 1.75236955e-05
1.55027427e+00 1.65141259e-04 6.15989244e-05
1.55178121e+00 1.89380274e-04 1.89189252e-04
1.55328815e+00 2.16940920e-04 1.51953938e-04
1.55479509e+00 2.48242310e-04 2.88976483e-05
1.55630203e+00 2.83751206e-04 5.40224130e-05
1.55780897e+00 3.23986727e-04 1.92139406e-04
1.55931591e+00 3.69525411e-04 2.24515436e-04
1.56082285e+00 4.21006680e-04 1.15686010e-04
1.56232979e+00 4.79138703e-04 2.06833608e-04
1.56383673e+00 5.44704682e-04 2.30328401e-04
1.56534367e+00 6.18569569e-04 2.49148876e-04
1.56685061e+00 7.01687245e-04 2.91932419e-04
1.56835754e+00 7.95108144e-04 4.29074806e-04
1.56986448e+00 8.99987359e-04 6.30486804e-04
1.57137142e+00 1.01759322e-03 5.32809520e-04
1.57287836e+00 1.14931636e-03 6.41247845e-04
1.57438530e+00 1.29667925e-03 7.97767467e-04
1.57589224e+00 1.46134623e-03 7.24270890e-04
1.57739918e+00 1.64513398e-03 6.42950029e-04
1.57890612e+00 1.85002249e-03 5.02979830e-04
1.58041306e+00 2.07816647e-03 8.28696584e-04
1.58192000e+00 2.33190712e-03 1.41627710e-03
1.58342694e+00 2.61378433e-03 1.93249371e-03
1.58493388e+00 2.92654927e-03 2.23326335e-03
1.58644081e+00 3.27317721e-03 2.04461037e-03
1.58794775e+00 3.65688064e-03 1.88041351e-03
1.58945469e+00 4.08112258e-03 2.48752617e-03
1.59096163e+00 4.54963004e-03 2.71275525e-03
1.59246857e+00 5.06640745e-03 2.68492619e-03
1.59397551e+00 5.63575018e-03 3.78102836e-03
1.59548245e+00 6.26225779e-03 4.46047077e-03
1.59698939e+00 6.95084713e-03 5.34978563e-03
1.59849633e+00 7.70676509e-03 6.08056335e-03
1.60000327e+00 8.53560078e-03 6.34071404e-03
1.60151021e+00 9.44329713e-03 6.75511733e-03
1.60301715e+00 1.04361618e-02 7.10295155e-03
1.60452408e+00 1.15208770e-02 8.25146907e-03
1.60603102e+00 1.27045085e-02 1.01721241e-02
1.60753796e+00 1.39945127e-02 1.19246820e-02
1.60904490e+00 1.53987434e-02 1.27455234e-02
1.61055184e+00 1.69254558e-02 1.31402589e-02
1.61205878e+00 1.85833091e-02 1.38930369e-02
1.61356572e+00 2.03813674e-02 1.59362986e-02
1.61507266e+00 2.23290976e-02 1.86969148e-02
1.61657960e+00 2.44363657e-02 2.09746908e-02
1.61808654e+00 2.67134295e-02 2.25160581e-02
1.61959348e+00 2.91709295e-02 2.41674714e-02
1.62110041e+00 3.18198754e-02 2.65188096e-02
1.62260735e+00 3.46716309e-02 2.95695403e-02
1.62411429e+00 3.77378936e-02 3.11172606e-02
1.62562123e+00 4.10306718e-02 3.56368448e-02
1.62712817e+00 4.45622580e-02 4.12337124e-02
1.62863511e+00 4.83451974e-02 4.34855496e-02
1.63014205e+00 5.23922531e-02 4.84953326e-02
1.63164899e+00 5.67163666e-02 5.28360018e-02
1.63315593e+00 6.13306143e-02 5.63813301e-02
1.63466287e+00 6.62481595e-02 5.90747720e-02
1.63616981e+00 7.14821995e-02 6.34373575e-02
1.63767675e+00 7.70459094e-02 7.13363479e-02
1.63918368e+00 8.29523803e-02 7.66448108e-02
1.64069062e+00 8.92145538e-02 8.15705226e-02
1.64219756e+00 9.58451521e-02 8.81231684e-02
1.64370450e+00 1.02856604e-01 9.49061266e-02
1.64521144e+00 1.10260968e-01 1.04022530e-01
1.64671838e+00 1.18069850e-01 1.13055945e-01
1.64822532e+00 1.26294316e-01 1.22817493e-01
1.64973226e+00 1.34944812e-01 1.35717130e-01
1.65123920e+00 1.44031062e-01 1.41523393e-01
1.65274614e+00 1.53561988e-01 1.50041413e-01
1.65425308e+00 1.63545604e-01 1.57754183e-01
1.65576002e+00 1.73988928e-01 1.66147894e-01
1.65726695e+00 1.84897882e-01 1.80638232e-01
1.65877389e+00 1.96277199e-01 1.94580949e-01
1.66028083e+00 2.08130321e-01 2.09123016e-01
1.66178777e+00 2.20459310e-01 2.19605879e-01
1.66329471e+00 2.33264754e-01 2.33049862e-01
1.66480165e+00 2.46545676e-01 2.45316057e-01
1.66630859e+00 2.60299446e-01 2.56293145e-01
1.66781553e+00 2.74521705e-01 2.72946062e-01
1.66932247e+00 2.89206280e-01 2.89973015e-01
1.67082941e+00 3.04345118e-01 3.09194324e-01
1.67233635e+00 3.19928218e-01 3.28325254e-01
1.67384329e+00 3.35943578e-01 3.43123940e-01
1.67535022e+00 3.52377142e-01 3.57928210e-01
1.67685716e+00 3.69212759e-01 3.81463122e-01
1.67836410e+00 3.86432160e-01 3.97503861e-01
1.67987104e+00 4.04014927e-01 4.07609345e-01
1.68137798e+00 4.21938495e-01 4.26585087e-01
1.68288492e+00 4.40178144e-01 4.57441593e-01
1.68439186e+00 4.58707023e-01 4.82762311e-01
1.68589880e+00 4.77496169e-01 4.91789896e-01
1.68740574e+00 4.96514552e-01 5.05784570e-01
1.68891268e+00 5.15729128e-01 5.28474556e-01
1.69041962e+00 5.35104900e-01 5.47589725e-01
1.69192655e+00 5.54605003e-01 5.66321730e-01
1.69343349e+00 5.74190796e-01 5.89594571e-01
1.69494043e+00 5.93821965e-01 6.07262404e-01
1.69644737e+00 6.13456649e-01 6.26859095e-01
1.69795431e+00 6.33051564e-01 6.46467155e-01
1.69946125e+00 6.52562154e-01 6.64376494e-01
1.70096819e+00 6.71942742e-01 6.89267641e-01
1.70247513e+00 6.91146703e-01 7.11396392e-01
1.70398207e+00 7.10126634e-01 7.28521876e-01
1.70548901e+00 7.28834548e-01 7.43052133e-01
1.70699595e+00 7.47222066e-01 7.57355951e-01
1.70850289e+00 7.65240619e-01 7.80558638e-01
1.71000982e+00 7.82841659e-01 8.02644115e-01
1.71151676e+00 7.99976871e-01 8.15083974e-01
1.71302370e+00 8.16598394e-01 8.26673508e-01
1.71453064e+00 8.32659038e-01 8.51897660e-01
1.71603758e+00 8.48112507e-01 8.77917970e-01
1.71754452e+00 8.62913618e-01 8.83688407e-01
1.71905146e+00 8.77018524e-01 8.84285464e-01
1.72055840e+00 8.90384925e-01 8.91198809e-01
1.72206534e+00 9.02972280e-01 9.05745798e-01
1.72357228e+00 9.14742014e-01 9.18696765e-01
1.72507922e+00 9.25657711e-01 9.38843798e-01
1.72658616e+00 9.35685303e-01 9.58690790e-01
1.72809309e+00 9.44793249e-01 9.61313426e-01
1.72960003e+00 9.52952695e-01 9.63922978e-01
1.73110697e+00 9.60137632e-01 9.64399699e-01
1.73261391e+00 9.66325032e-01 9.68814590e-01
1.73412085e+00 9.71494969e-01 9.84605125e-01
1.73562779e+00 9.75630728e-01 9.91661793e-01
1.73713473e+00 9.78718894e-01 9.82883046e-01
1.73864167e+00 9.80749427e-01 9.85406603e-01
1.74014861e+00 9.81715713e-01 1.00000000e+00
1.74165555e+00 9.81614600e-01 9.92681094e-01
1.74316249e+00 9.80446420e-01 9.81721652e-01
1.74466943e+00 9.78214979e-01 9.79456269e-01
1.74617636e+00 9.74927544e-01 9.73101981e-01
1.74768330e+00 9.70594801e-01 9.66556924e-01
1.74919024e+00 9.65230795e-01 9.61471015e-01
1.75069718e+00 9.58852855e-01 9.58302657e-01
1.75220412e+00 9.51481505e-01 9.54441375e-01
1.75371106e+00 9.43140346e-01 9.39121552e-01
1.75521800e+00 9.33855939e-01 9.23305169e-01
1.75672494e+00 9.23657657e-01 9.14396073e-01
1.75823188e+00 9.12577533e-01 9.04804508e-01
1.75973882e+00 9.00650094e-01 8.98628823e-01
1.76124576e+00 8.87912179e-01 8.83543926e-01
1.76275269e+00 8.74402752e-01 8.63979441e-01
1.76425963e+00 8.60162701e-01 8.46017923e-01
1.76576657e+00 8.45234637e-01 8.29623609e-01
1.76727351e+00 8.29662676e-01 8.13135021e-01
1.76878045e+00 8.13492229e-01 8.01310756e-01
1.77028739e+00 7.96769777e-01 7.75624144e-01
1.77179433e+00 7.79542656e-01 7.55939467e-01
1.77330127e+00 7.61858829e-01 7.52460402e-01
1.77480821e+00 7.43766671e-01 7.31455658e-01
1.77631515e+00 7.25314751e-01 7.08459341e-01
1.77782209e+00 7.06551617e-01 6.91838396e-01
1.77932903e+00 6.87525591e-01 6.67159641e-01
1.78083596e+00 6.68284564e-01 6.45177901e-01
1.78234290e+00 6.48875803e-01 6.28820429e-01
1.78384984e+00 6.29345770e-01 6.13565019e-01
1.78535678e+00 6.09739940e-01 5.97768940e-01
1.78686372e+00 5.90102641e-01 5.78495937e-01
1.78837066e+00 5.70476896e-01 5.58044694e-01
1.78987760e+00 5.50904287e-01 5.35899076e-01
1.79138454e+00 5.31424816e-01 5.17084774e-01
1.79289148e+00 5.12076798e-01 5.00492775e-01
1.79439842e+00 4.92896749e-01 4.80924616e-01
1.79590536e+00 4.73919303e-01 4.62744063e-01
1.79741230e+00 4.55177127e-01 4.45617839e-01
1.79891923e+00 4.36700863e-01 4.18858954e-01
1.80042617e+00 4.18519077e-01 4.06399856e-01
1.80193311e+00 4.00658219e-01 3.96611395e-01
1.80344005e+00 3.83142599e-01 3.72933089e-01
1.80494699e+00 3.65994378e-01 3.52872083e-01
1.80645393e+00 3.49233564e-01 3.36637305e-01
1.80796087e+00 3.32878025e-01 3.23066098e-01
1.80946781e+00 3.16943510e-01 3.11352079e-01
1.81097475e+00 3.01443685e-01 2.98144303e-01
1.81248169e+00 2.86390168e-01 2.81201043e-01
1.81398863e+00 2.71792587e-01 2.64726468e-01
1.81549557e+00 2.57658633e-01 2.50762931e-01
1.81700250e+00 2.43994130e-01 2.39428288e-01
1.81850944e+00 2.30803104e-01 2.26276795e-01
1.82001638e+00 2.18087865e-01 2.14703575e-01
1.82152332e+00 2.05849087e-01 2.05819265e-01
1.82303026e+00 1.94085896e-01 1.96380148e-01
1.82453720e+00 1.82795962e-01 1.84430181e-01
1.82604414e+00 1.71975589e-01 1.71749531e-01
1.82755108e+00 1.61619814e-01 1.63417638e-01
1.82905802e+00 1.51722499e-01 1.53276565e-01
1.83056496e+00 1.42276431e-01 1.41311336e-01
1.83207190e+00 1.33273414e-01 1.33750371e-01
1.83357883e+00 1.24704370e-01 1.29063594e-01
1.83508577e+00 1.16559429e-01 1.20908059e-01
1.83659271e+00 1.08828023e-01 1.13324532e-01
1.83809965e+00 1.01498974e-01 1.07188050e-01
1.83960659e+00 9.45605862e-02 9.63784370e-02
1.84111353e+00 8.80007244e-02 9.00832042e-02
1.84262047e+00 8.18068982e-02 8.44669736e-02
1.84412741e+00 7.59663384e-02 7.65989991e-02
1.84563435e+00 7.04660698e-02 7.37297518e-02
1.84714129e+00 6.52929805e-02 6.90986789e-02
1.84864823e+00 6.04338867e-02 6.07875212e-02
1.85015517e+00 5.58755932e-02 5.69957716e-02
1.85166210e+00 5.16049493e-02 5.67922450e-02
1.85316904e+00 4.76089006e-02 5.36940144e-02
1.85467598e+00 4.38745362e-02 5.02359792e-02
1.85618292e+00 4.03891312e-02 4.55899869e-02
1.85768986e+00 3.71401859e-02 3.95555683e-02
1.85919680e+00 3.41154594e-02 3.69534497e-02
1.86070374e+00 3.13030000e-02 3.58490763e-02
1.86221068e+00 2.86911720e-02 3.27399390e-02
1.86371762e+00 2.62686772e-02 3.04396920e-02
1.86522456e+00 2.40245746e-02 2.85954151e-02
1.86673150e+00 2.19482954e-02 2.49763468e-02
1.86823844e+00 2.00296554e-02 2.23960884e-02
1.86974537e+00 1.82588636e-02 1.98714007e-02
1.87125231e+00 1.66265292e-02 1.89691603e-02
1.87275925e+00 1.51236649e-02 1.85444440e-02
1.87426619e+00 1.37416878e-02 1.75319484e-02
1.87577313e+00 1.24724192e-02 1.51910459e-02
1.87728007e+00 1.13080809e-02 1.26355865e-02
1.87878701e+00 1.02412909e-02 1.20271716e-02
1.88029395e+00 9.26505687e-03 1.10533555e-02
1.88180089e+00 8.37276810e-03 1.06264717e-02
1.88330783e+00 7.55818686e-03 1.02639584e-02
1.88481477e+00 6.81543806e-03 8.95002692e-03
1.88632171e+00 6.13899830e-03 7.34502679e-03
1.88782864e+00 5.52368419e-03 7.05376007e-03
1.88933558e+00 4.96463992e-03 7.29616177e-03
1.89084252e+00 4.45732456e-03 6.37631455e-03
1.89234946e+00 3.99749887e-03 5.51533670e-03
1.89385640e+00 3.58121198e-03 5.74594089e-03
1.89536334e+00 3.20478793e-03 4.58415798e-03
1.89687028e+00 2.86481217e-03 3.96136370e-03
1.89837722e+00 2.55811814e-03 3.77069603e-03
1.89988416e+00 2.28177401e-03 2.79993104e-03
1.90139110e+00 2.03306962e-03 2.75695278e-03
1.90289804e+00 1.80950363e-03 2.74387489e-03
1.90440497e+00 1.60877110e-03 2.28640008e-03
1.90591191e+00 1.42875131e-03 1.85583466e-03
1.90741885e+00 1.26749605e-03 1.73987234e-03
1.90892579e+00 1.12321832e-03 1.71616641e-03
1.91043273e+00 9.94281430e-04 1.51006868e-03
1.91193967e+00 8.79188637e-04 1.32283460e-03
1.91344661e+00 7.76573191e-04 1.26196214e-03
1.91495355e+00 6.85188884e-04 1.39865635e-03
1.91646049e+00 6.03901087e-04 1.14984960e-03
1.91796743e+00 5.31678260e-04 8.99527352e-04
1.91947437e+00 4.67583936e-04 9.14160213e-04
1.92098131e+00 4.10769180e-04 9.75035501e-04
1.92248824e+00 3.60465502e-04 9.37523887e-04
1.92399518e+00 3.15978222e-04 7.19835893e-04
1.92550212e+00 2.76680266e-04 5.33961183e-04
1.92700906e+00 2.42006374e-04 4.52707126e-04
1.92851600e+00 2.11447724e-04 5.93812550e-04
1.93002294e+00 1.84546924e-04 4.11430957e-04
1.93152988e+00 1.60893388e-04 2.52678002e-04
1.93303682e+00 1.40119046e-04 2.92345440e-04
1.93454376e+00 1.21894394e-04 2.76137079e-04
1.93605070e+00 1.05924856e-04 2.37835132e-04
1.93755764e+00 9.19474357e-05 2.34600328e-04
1.93906458e+00 7.97276473e-05 1.94501398e-04
1.94057151e+00 6.90567068e-05 9.86108594e-05
1.94207845e+00 5.97489623e-05 6.46937198e-05
1.94358539e+00 5.16395511e-05 7.10663483e-05
1.94509233e+00 4.45822660e-05 9.26941368e-05
1.94659927e+00 3.84476152e-05 1.81348004e-04
1.94810621e+00 3.31210627e-05 2.14726741e-04
1.94961315e+00 2.85014337e-05 1.71369188e-04
1.95112009e+00 2.44994729e-05 1.14670176e-04
1.95262703e+00 2.10365424e-05 3.92260832e-05
1.95413397e+00 1.80434496e-05 3.67378666e-05
1.95564091e+00 1.54593905e-05 5.37454429e-05
1.95714785e+00 1.32310026e-05 5.93966489e-05
1.95865478e+00 1.13115137e-05 3.65576253e-05
1.96016172e+00 9.65998138e-06 1.55160558e-05
1.96166866e+00 8.24061150e-06 1.12893678e-05
1.96317560e+00 7.02215124e-06 1.12893678e-05
1.96468254e+00 5.97734751e-06 1.12893678e-05
1.96618948e+00 5.08246528e-06 1.12893678e-05
1.96769642e+00 4.31685960e-06 1.13593315e-05
1.96920336e+00 3.66259599e-06 1.17285375e-05
1.97071030e+00 3.10411424e-06 1.20277799e-05
1.97221724e+00 2.62793103e-06 1.20277799e-05
1.97372418e+00 2.22237744e-06 1.20277799e-05
1.97523111e+00 1.87736737e-06 1.20277799e-05
1.97673805e+00 1.58419376e-06 1.20277799e-05
1.97824499e+00 1.33534941e-06 4.34094679e-05
1.97975193e+00 1.12436969e-06 7.47911558e-05

1.53974684e+00 1.65575249e-05 6.56610432e-06
1.54124927e+00 1.93348974e-05 6.56610432e-06
1.54275170e+00 2.25533110e-05 6.56610432e-06
1.54425412e+00 2.62785093e-05 6.56610432e-06
1.54575655e+00 3.05853268e-05 6.56610432e-06
1.54725898e+00 3.55588335e-05 6.56610432e-06
1.54876141e+00 4.12956084e-05 6.56610432e-06
1.55026384e+00 4.79051509e-05 6.56610432e-06
1.55176626e+00 5.55114458e-05 6.56610432e-06
1.55326869e+00 6.42546920e-05 6.56610432e-06
1.55477112e+00 7.42932120e-05 6.56610432e-06
1.55627355e+00 8.58055552e-05 9.66209898e-06
1.55777597e+00 9.89928113e-05 1.50307487e-05
1.55927840e+00 1.14081150e-04 1.73034037e-05
1.56078083e+00 1.31324606e-04 1.73034037e-05
1.56228326e+00 1.51008121e-04 6.21106609e-05
1.56378569e+00 1.73450870e-04 1.55732393e-04
1.56528811e+00 1.99009883e-04 1.53626118e-04
1.56679054e+00 2.28083982e-04 6.46514770e-05
1.56829297e+00 2.61118060e-04 4.13785601e-05
1.56979540e+00 2.98607709e-04 1.70680911e-04
1.57129782e+00 3.41104228e-04 2.36545509e-04
1.57280025e+00 3.89220020e-04 1.33479478e-04
1.57430268e+00 4.43634406e-04 2.04622602e-04
1.57580511e+00 5.05099865e-04 2.20701266e-04
1.57730754e+00 5.74448720e-04 2.56546980e-04
1.57880996e+00 6.52600288e-04 2.81248509e-04
1.58031239e+00 7.40568504e-04 3.76974501e-04
1.58181482e+00 8.39470030e-04 6.17269021e-04
1.58331725e+00 9.50532862e-04 5.20822229e-04
1.58481967e+00 1.07510544e-03 5.59343745e-04
1.58632210e+00 1.21466624e-03 7.76168388e-04
1.58782453e+00 1.37083393e-03 8.53358188e-04
1.58932696e+00 1.54537795e-03 7.10980410e-04
1.59082939e+00 1.74022963e-03 4.78836412e-04
1.59233181e+00 1.95749377e-03 8.60086532e-04
1.59383424e+00 2.19946067e-03 1.30043195e-03
1.59533667e+00 2.46861858e-03 1.79023437e-03
1.59683910e+00 2.76766657e-03 2.35249688e-03
1.59834153e+00 3.09952772e-03 2.10295296e-03
1.59984395e+00 3.46736261e-03 1.88686464e-03
1.60134638e+00 3.87458312e-03 2.22909953e-03
1.60284881e+00 4.32486627e-03 2.82762744e-03
1.60435124e+00 4.82216832e-03 3.00511246e-03
1.60585366e+00 5.37073878e-03 3.55722107e-03
1.60735609e+00 5.97513436e-03 4.46653773e-03
1.60885852e+00 6.64023276e-03 5.11975379e-03
1.61036095e+00 7.37124612e-03 5.82024858e-03
1.61186338e+00 8.17373406e-03 6.34618524e-03
1.61336580e+00 9.05361611e-03 6.78857742e-03
1.61486823e+00 1.00171835e-02 7.29935942e-03
1.61637066e+00 1.10711100e-02 8.09936863e-03
1.61787309e+00 1.22224616e-02 9.95577736e-03
1.61937551e+00 1.34787054e-02 1.16925783e-02
1.62087794e+00 1.48477163e-02 1.29204141e-02
1.62238037e+00 1.63377830e-02 1.36385209e-02
1.62388280e+00 1.79576114e-02 1.35833685e-02
1.62538523e+00 1.97163261e-02 1.54431733e-02
1.62688765e+00 2.16234706e-02 1.85443372e-02
1.62839008e+00 2.36890033e-02 2.09045621e-02
1.62989251e+00 2.59232925e-02 2.25747735e-02
1.63139494e+00 2.83371071e-02 2.42740911e-02
1.63289736e+00 3.09416055e-02 2.63672408e-02
1.63439979e+00 3.37483201e-02 2.98786985e-02
1.63590222e+00 3.67691387e-02 3.17852643e-02
1.63740465e+00 4.00162820e-02 3.50987567e-02
1.63890708e+00 4.35022776e-02 4.10841717e-02
1.64040950e+00 4.72399291e-02 4.35301030e-02
1.64191193e+00 5.12422818e-02 4.75123115e-02
1.64341436e+00 5.55225834e-02 5.32446201e-02
1.64491679e+00 6.00942407e-02 5.66453765e-02
1.64641921e+00 6.49707709e-02 5.94152003e-02
1.64792164e+00 7.01657497e-02 6.47540012e-02
1.64942407e+00 7.56927530e-02 7.07883083e-02
1.65092650e+00 8.15652956e-02 7.51139501e-02
1.65242893e+00 8.77967640e-02 8.29908402e-02
1.65393135e+00 9.44003458e-02 8.99120890e-02
1.65543378e+00 1.01388954e-01 9.42192900e-02
1.65693621e+00 1.08775148e-01 1.02467780e-01
1.65843864e+00 1.16571049e-01 1.13176082e-01
1.65994107e+00 1.24788254e-01 1.23942236e-01
1.66144349e+00 1.33437744e-01 1.34674915e-01
1.66294592e+00 1.42529794e-01 1.42150066e-01
1.66444835e+00 1.52073872e-01 1.51973325e-01
1.66595078e+00 1.62078547e-01 1.58810939e-01
1.66745320e+00 1.72551383e-01 1.66338654e-01
1.66895563e+00 1.83498846e-01 1.81090038e-01
1.67045806e+00 1.94926198e-01 1.93786949e-01
1.67196049e+00 2.06837399e-01 2.09094829e-01
1.67346292e+00 2.19235008e-01 2.23467685e-01
1.67496534e+00 2.32120087e-01 2.33170252e-01
1.67646777e+00 2.45492102e-01 2.45058906e-01
1.67797020e+00 2.59348838e-01 2.59645967e-01
1.67947263e+00 2.73686308e-01 2.73711547e-01
1.68097505e+00 2.88498671e-01 2.90833272e-01
1.68247748e+00 3.03778158e-01 3.11548524e-01
1.68397991e+00 3.19515001e-01 3.27650998e-01
1.68548234e+00 3.35697373e-01 3.42983114e-01
1.68698477e+00 3.52311334e-01 3.60909818e-01
1.68848719e+00 3.69340786e-01 3.83902947e-01
1.68998962e+00 3.86767438e-01 4.03120705e-01
1.69149205e+00 4.04570788e-01 4.12804611e-01
1.69299448e+00 4.22728102e-01 4.27752444e-01
1.69449690e+00 4.41214422e-01 4.55869639e-01
1.69599933e+00 4.60002574e-01 4.82049160e-01
1.69750176e+00 4.79063193e-01 4.97395455e-01
1.69900419e+00 4.98364765e-01 5.11737430e-01
1.70050662e+00 5.17873677e-01 5.30436261e-01
1.70200904e+00 5.37554281e-01 5.49612417e-01
1.70351147e+00 5.57368980e-01 5.66476341e-01
1.70501390e+00 5.77278318e-01 5.92634112e-01
1.70651633e+00 5.97241090e-01 6.14148813e-01
1.70801876e+00 6.17214463e-01 6.30460931e-01
1.70952118e+00 6.37154113e-01 6.48708451e-01
1.71102361e+00 6.57014371e-01 6.69470656e-01
1.71252604e+00 6.76748386e-01 6.95698775e-01
1.71402847e+00 6.96308297e-01 7.14840581e-01
1.71553089e+00 7.15645414e-01 7.27941157e-01
1.71703332e+00 7.34710417e-01 7.45168257e-01
1.71853575e+00 7.53453550e-01 7.66312344e-01
1.72003818e+00 7.71824840e-01 7.87006856e-01
1.72154061e+00 7.89774306e-01 8.03745000e-01
1.72304303e+00 8.07252190e-01 8.19239720e-01
1.72454546e+00 8.24209175e-01 8.36704433e-01
1.72604789e+00 8.40596619e-01 8.62498689e-01
1.72755032e+00 8.56366786e-01 8.86133807e-01
1.72905274e+00 8.71473072e-01 8.83653829e-01
1.73055517e+00 8.85870238e-01 8.84321611e-01
1.73205760e+00 8.99514632e-01 8.99096027e-01
1.73356003e+00 9.12364408e-01 9.11181644e-01
1.73506246e+00 9.24379741e-01 9.28814492e-01
1.73656488e+00 9.35523033e-01 9.48373935e-01
1.73806731e+00 9.45759106e-01 9.57975355e-01
1.73956974e+00 9.55055391e-01 9.67668846e-01
1.74107217e+00 9.63382097e-01 9.73375086e-01
1.74257459e+00 9.70712369e-01 9.73823127e-01
1.74407702e+00 9.77022437e-01 9.72946803e-01
1.74557945e+00 9.82291741e-01 9.88359892e-01
1.74708188e+00 9.86503044e-01 9.99993842e-01
1.74858431e+00 9.89642524e-01 9.92537379e-01
1.75008673e+00 9.91699852e-01 9.96247354e-01
1.75158916e+00 9.92668248e-01 1.00000000e+00
1.75309159e+00 9.92544516e-01 9.93502661e-01
1.75459402e+00 9.91329064e-01 9.90758967e-01
1.75609644e+00 9.89025903e-01 9.86132209e-01
1.75759887e+00 9.85642620e-01 9.78078860e-01
1.75910130e+00 9.81190342e-01 9.72188847e-01
1.76060373e+00 9.75683670e-01 9.68579953e-01
1.76210616e+00 9.69140604e-01 9.68600509e-01
1.76360858e+00 9.61582441e-01 9.58000318e-01
1.76511101e+00 9.53033663e-01 9.43029150e-01
1.76661344e+00 9.43521800e-01 9.30892016e-01
1.76811587e+00 9.33077289e-01 9.18495900e-01
1.76961830e+00 9.21733305e-01 9.09122946e-01
1.77112072e+00 9.09525592e-01 9.01846969e-01
1.77262315e+00 8.96492268e-01 8.85258964e-01
1.77412558e+00 8.82673634e-01 8.71516167e-01
1.77562801e+00 8.68111966e-01 8.56692849e-01
1.77713043e+00 8.52851292e-01 8.31296178e-01
1.77863286e+00 8.36937183e-01 8.15130403e-01
1.78013529e+00 8.20416518e-01 8.01731487e-01
1.78163772e+00 8.03337259e-01 7.81555013e-01
1.78314015e+00 7.85748221e-01 7.64408409e-01
1.78464257e+00 7.67698839e-01 7.55708758e-01
1.78614500e+00 7.49238944e-01 7.35715652e-01
1.78764743e+00 7.30418533e-01 7.10919164e-01
1.78914986e+00 7.11287549e-01 6.95366565e-01
1.79065228e+00 6.91895667e-01 6.71994461e-01
1.79215471e+00 6.72292083e-01 6.49202117e-01
1.79365714e+00 6.52525314e-01 6.27653247e-01
1.79515957e+00 6.32643009e-01 6.12789977e-01
1.79666200e+00 6.12691766e-01 6.05609324e-01
1.79816442e+00 5.92716963e-01 5.84637358e-01
1.79966685e+00 5.72762598e-01 5.57306799e-01
1.80116928e+00 5.52871147e-01 5.37769818e-01
1.80267171e+00 5.33083429e-01 5.19798634e-01
1.80417413e+00 5.13438489e-01 5.01108527e-01
1.80567656e+00 4.93973490e-01 4.82691246e-01
1.80717899e+00 4.74723624e-01 4.63926819e-01
1.80868142e+00 4.55722035e-01 4.47071157e-01
1.81018385e+00 4.36999755e-01 4.24279162e-01
1.81168627e+00 4.18585654e-01 4.07236511e-01
1.81318870e+00 4.00506408e-01 3.94718597e-01
1.81469113e+00 3.82786470e-01 3.73794409e-01
1.81619356e+00 3.65448068e-01 3.54420522e-01
1.81769598e+00 3.48511204e-01 3.38243430e-01
1.81919841e+00 3.31993667e-01 3.23534956e-01
1.82070084e+00 3.15911064e-01 3.12283931e-01
1.82220327e+00 3.00276852e-01 3.00768358e-01
1.82370570e+00 2.85102387e-01 2.81709034e-01
1.82520812e+00 2.70396979e-01 2.65652018e-01
1.82671055e+00 2.56167953e-01 2.52258092e-01
1.82821298e+00 2.42420724e-01 2.37529548e-01
1.82971541e+00 2.29158869e-01 2.24592378e-01
1.83121784e+00 2.16384216e-01 2.15334923e-01
1.83272026e+00 2.04096928e-01 2.08333436e-01
1.83422269e+00 1.92295596e-01 1.96703327e-01
1.83572512e+00 1.80977336e-01 1.84752741e-01
1.83722755e+00 1.70137884e-01 1.73429080e-01
1.83872997e+00 1.59771695e-01 1.63008704e-01
1.84023240e+00 1.49872047e-01 1.52240778e-01
1.84173483e+00 1.40431139e-01 1.40485722e-01
1.84323726e+00 1.31440191e-01 1.36100075e-01
1.84473969e+00 1.22889541e-01 1.29856343e-01
1.84624211e+00 1.14768749e-01 1.20618002e-01
1.84774454e+00 1.07066684e-01 1.13963298e-01
1.84924697e+00 9.97716240e-02 1.04783649e-01
1.85074940e+00 9.28713397e-02 9.68372341e-02
1.85225182e+00 8.63531851e-02 9.15905780e-02
1.85375425e+00 8.02041783e-02 8.36618621e-02
1.85525668e+00 7.44110800e-02 7.64147493e-02
1.85675911e+00 6.89604685e-02 7.32731338e-02
1.85826154e+00 6.38388097e-02 6.82697049e-02
1.85976396e+00 5.90325223e-02 6.16687978e-02
1.86126639e+00 5.45280391e-02 5.78893154e-02
1.86276882e+00 5.03118634e-02 5.66057750e-02
1.86427125e+00 4.63706204e-02 5.41940385e-02
1.86577367e+00 4.26911046e-02 4.97675662e-02
1.86727610e+00 3.92603221e-02 4.51856329e-02
1.86877853e+00 3.60655290e-02 3.95857720e-02
1.87028096e+00 3.30942648e-02 3.64819484e-02
1.87178339e+00 3.03343819e-02 3.60403048e-02
1.87328581e+00 2.77740711e-02 3.37601680e-02
1.87478824e+00 2.54018834e-02 2.98306474e-02
1.87629067e+00 2.32067474e-02 2.75434616e-02
1.87779310e+00 2.11779839e-02 2.49758819e-02
1.87929552e+00 1.93053168e-02 2.21600521e-02
1.88079795e+00 1.75788814e-02 2.01154324e-02
1.88230038e+00 1.59892288e-02 1.92523758e-02
1.88380281e+00 1.45273294e-02 1.86865423e-02
1.88530524e+00 1.31845718e-02 1.65420103e-02
1.88680766e+00 1.19527616e-02 1.48761360e-02
1.88831009e+00 1.08241167e-02 1.36368230e-02
1.88981252e+00 9.79126172e-03 1.20435742e-02
1.89131495e+00 8.84722011e-03 1.08356764e-02
1.89281738e+00 7.98540573e-03 1.03194769e-02
1.89431980e+00 7.19961252e-03 1.00443109e-02
1.89582223e+00 6.48400351e-03 8.98809829e-03
1.89732466e+00 5.83309891e-03 7.45058776e-03
1.89882709e+00 5.24176350e-03 7.44342846e-03
1.90032951e+00 4.70519346e-03 7.42205339e-03
1.90183194e+00 4.21890289e-03 6.10305666e-03
1.90333437e+00 3.77870993e-03 5.28842570e-03
1.90483680e+00 3.38072280e-03 5.57353545e-03
1.90633923e+00 3.02132575e-03 4.59733057e-03
1.90784165e+00 2.69716505e-03 3.89266904e-03
1.90934408e+00 2.40513510e-03 3.70976750e-03
1.91084651e+00 2.14236473e-03 2.85457094e-03
1.91234894e+00 1.90620378e-03 2.80673041e-03
1.91385136e+00 1.69420993e-03 2.72205797e-03
1.91535379e+00 1.50413599e-03 2.22820798e-03
1.91685622e+00 1.33391748e-03 1.89282435e-03
1.91835865e+00 1.18166074e-03 1.87045820e-03
1.91986108e+00 1.04563143e-03 1.76452395e-03
1.92136350e+00 9.24243563e-04 1.20389416e-03
1.92286593e+00 8.16048972e-04 1.32658121e-03
1.92436836e+00 7.19727324e-04 1.52789151e-03
1.92587079e+00 6.34076622e-04 1.29790961e-03
1.92737321e+00 5.58004207e-04 1.02033893e-03
1.92887564e+00 4.90518269e-04 9.41295438e-04
1.93037807e+00 4.30719845e-04 9.22680515e-04
1.93188050e+00 3.77795307e-04 1.00658527e-03
1.93338293e+00 3.31009317e-04 9.36037602e-04
1.93488535e+00 2.89698241e-04 6.60808569e-04
1.93638778e+00 2.53264010e-04 5.97378204e-04
1.93789021e+00 2.21168403e-04 3.88630398e-04
1.93939264e+00 1.92927736e-04 5.02296376e-04
1.94089507e+00 1.68107943e-04 4.78908219e-04
1.94239749e+00 1.46320030e-04 3.12620888e-04
1.94389992e+00 1.27215876e-04 3.03935487e-04
1.94540235e+00 1.10484365e-04 2.33256561e-04
1.94690478e+00 9.58478372e-05 1.88782279e-04
1.94840720e+00 8.30588268e-05 2.48301076e-04
1.94990963e+00 7.18970794e-05 2.12517323e-04
1.95141206e+00 6.21668249e-05 8.78865786e-05
1.95291449e+00 5.36942903e-05 7.46933494e-05
1.95441692e+00 4.63254352e-05 9.00107300e-05
1.95591934e+00 3.99238937e-05 1.05094080e-04
1.95742177e+00 3.43691076e-05 1.76892984e-04
1.95892420e+00 2.95546351e-05 2.22371559e-04
1.96042663e+00 2.53866227e-05 1.73241153e-04
1.96192905e+00 2.17824256e-05 9.03077822e-05
1.96343148e+00 1.86693643e-05 2.79617314e-05
1.96493391e+00 1.59836074e-05 3.29797878e-05
1.96643634e+00 1.36691672e-05 4.50738198e-05
1.96793877e+00 1.16770003e-05 4.64629026e-05
1.96944119e+00 9.96420170e-06 3.88821726e-05
1.97094362e+00 8.49328523e-06 2.46597464e-05
1.97244605e+00 7.23154162e-06 1.23311575e-05
1.97394848e+00 6.15046643e-06 1.23311575e-05
1.97545090e+00 5.22525148e-06 1.23311575e-05
1.97695333e+00 4.43433319e-06 1.23311575e-05
1.97845576e+00 3.75899224e-06 1.23442308e-05
1.97995819e+00 3.18299912e-06 1.26548718e-05
1.98146062e+00 2.69230085e-06 1.29524395e-05
1.98296304e+00 2.27474459e-06 1.29524395e-05
1.98446547e+00 1.91983398e-06 1.29524395e-05
1.98596790e+00 1.61851486e-06 1.29524395e-05
1.98747033e+00 1.36298692e-06 1.88542197e-05
1.98897275e+00 1.14653856e-06 4.23530586e-05
1.99047518e+00 9.63402184e-07 5.99501172e-05
