0.000000000e+00 0.000000000e+00 0.000000000e+00
1.395302290e-03 -4.439960077e-02 1.000000000e-02
5.575726434e-03 -8.862398027e-02 2.000000000e-02
1.252478339e-02 -1.324986029e-01 3.000000000e-02
2.221503866e-02 -1.758503161e-01 4.000000000e-02
3.460824885e-02 -2.185080277e-01 5.000000000e-02
4.965550368e-02 -2.603033878e-01 6.000000000e-02
6.729741894e-02 -3.010714503e-01 7.000000000e-02
8.746436919e-02 -3.406513201e-01 8.000000000e-02
1.100767655e-01 -3.788867954e-01 9.000000000e-02
1.350453670e-01 -4.156269781e-01 1.000000000e-01
1.622716331e-01 -4.507268698e-01 1.100000000e-01
1.916481155e-01 -4.840479495e-01 1.200000000e-01
2.230588779e-01 -5.154587129e-01 1.300000000e-01
2.563799559e-01 -5.448351956e-01 1.400000000e-01
2.914798480e-01 -5.720614636e-01 1.500000000e-01
3.282200291e-01 -5.970300657e-01 1.600000000e-01
3.664555036e-01 -6.196424630e-01 1.700000000e-01
4.060353740e-01 -6.398094150e-01 1.800000000e-01
4.468034346e-01 -6.574513309e-01 1.900000000e-01
4.885987949e-01 -6.724985872e-01 2.000000000e-01
5.312565066e-01 -6.848917989e-01 2.100000000e-01
5.746082182e-01 -6.945820551e-01 2.200000000e-01
6.184828427e-01 -7.015311137e-01 2.300000000e-01
6.627072248e-01 -7.057115493e-01 2.400000000e-01
7.071068318e-01 -7.071068638e-01 2.500000000e-01
7.515064399e-01 -7.057115506e-01 2.600000000e-01
7.957308217e-01 -7.015311163e-01 2.700000000e-01
8.396054459e-01 -6.945820592e-01 2.800000000e-01
8.829571591e-01 -6.848918039e-01 2.900000000e-01
9.256148701e-01 -6.724985939e-01 3.000000000e-01
9.674102309e-01 -6.574513388e-01 3.100000000e-01
1.008178293e+00 -6.398094238e-01 3.200000000e-01
1.047758163e+00 -6.196424735e-01 3.300000000e-01
1.085993639e+00 -5.970300769e-01 3.400000000e-01
1.122733820e+00 -5.720614759e-01 3.500000000e-01
1.157833713e+00 -5.448352095e-01 3.600000000e-01
1.191154793e+00 -5.154587269e-01 3.700000000e-01
1.222565555e+00 -4.840479651e-01 3.800000000e-01
1.251942039e+00 -4.507268864e-01 3.900000000e-01
1.279168306e+00 -4.156269946e-01 4.000000000e-01
1.304136908e+00 -3.788868137e-01 4.100000000e-01
1.326749306e+00 -3.406513386e-01 4.200000000e-01
1.346916258e+00 -3.010714691e-01 4.300000000e-01
1.364558174e+00 -2.603034080e-01 4.400000000e-01
1.379605430e+00 -2.185080474e-01 4.500000000e-01
1.391998641e+00 -1.758503366e-01 4.600000000e-01
1.401688898e+00 -1.324986241e-01 4.700000000e-01
1.408637956e+00 -8.862399976e-02 4.800000000e-01
1.412818392e+00 -4.439961822e-02 4.900000000e-01
1.414213707e+00 -1.038532340e-08 5.000000000e-01
1.412818393e+00 4.439959696e-02 5.100000000e-01
1.408637959e+00 8.862397894e-02 5.200000000e-01
1.401688902e+00 1.324986037e-01 5.300000000e-01
1.391998647e+00 1.758503158e-01 5.400000000e-01
1.379605437e+00 2.185080276e-01 5.500000000e-01
1.364558181e+00 2.603033886e-01 5.600000000e-01
1.346916267e+00 3.010714497e-01 5.700000000e-01
1.326749316e+00 3.406513204e-01 5.800000000e-01
1.304136920e+00 3.788867959e-01 5.900000000e-01
1.279168319e+00 4.156269775e-01 6.000000000e-01
1.251942052e+00 4.507268704e-01 6.100000000e-01
1.222565570e+00 4.840479495e-01 6.200000000e-01
1.191154808e+00 5.154587126e-01 6.300000000e-01
1.157833729e+00 5.448351962e-01 6.400000000e-01
1.122733838e+00 5.720614633e-01 6.500000000e-01
1.085993656e+00 5.970300658e-01 6.600000000e-01
1.047758181e+00 6.196424635e-01 6.700000000e-01
1.008178312e+00 6.398094148e-01 6.800000000e-01
9.674102503e-01 6.574513312e-01 6.900000000e-01
9.256148905e-01 6.724985874e-01 7.000000000e-01
8.829571794e-01 6.848917988e-01 7.100000000e-01
8.396054664e-01 6.945820554e-01 7.200000000e-01
7.957308431e-01 7.015311137e-01 7.300000000e-01
7.515064608e-01 7.057115493e-01 7.400000000e-01
7.071068528e-01 7.071068639e-01 7.500000000e-01
6.627072463e-01 7.057115507e-01 7.600000000e-01
6.184828634e-01 7.015311164e-01 7.700000000e-01
5.746082391e-01 6.945820593e-01 7.800000000e-01
5.312565271e-01 6.848918042e-01 7.900000000e-01
4.885988147e-01 6.724985938e-01 8.000000000e-01
4.468034547e-01 6.574513390e-01 8.100000000e-01
4.060353929e-01 6.398094240e-01 8.200000000e-01
3.664555219e-01 6.196424732e-01 8.300000000e-01
3.282200473e-01 5.970300773e-01 8.400000000e-01
2.914798649e-01 5.720614760e-01 8.500000000e-01
2.563799722e-01 5.448352092e-01 8.600000000e-01
2.230588935e-01 5.154587275e-01 8.700000000e-01
1.916481298e-01 4.840479648e-01 8.800000000e-01
1.622716468e-01 4.507268865e-01 8.900000000e-01
1.350453794e-01 4.156269952e-01 9.000000000e-01
1.100767767e-01 3.788868132e-01 9.100000000e-01
8.746437961e-02 3.406513392e-01 9.200000000e-01
6.729742787e-02 3.010714693e-01 9.300000000e-01
4.965551139e-02 2.603034074e-01 9.400000000e-01
3.460825550e-02 2.185080482e-01 9.500000000e-01
2.221504386e-02 1.758503364e-01 9.600000000e-01
1.252478736e-02 1.324986239e-01 9.700000000e-01
5.575729051e-03 8.862400059e-02 9.800000000e-01
1.395293349e-03 4.439961762e-02 9.900000000e-01
-2.116269165e-08 1.075205358e-08 1.000000000e+00


0.000000000e+00 0.000000000e+00 0.000000000e+00
2.706307328e-03 -7.472618014e-02 5.000000000e-03
9.944369582e-03 -1.491310605e-01 1.000000000e-02
2.168501656e-02 -2.229355940e-01 1.500000000e-02
3.788177389e-02 -2.958631154e-01 2.000000000e-02
5.847103992e-02 -3.676404181e-01 2.500000000e-02
8.337233625e-02 -4.379988177e-01 3.000000000e-02
1.124886248e-01 -5.066751975e-01 3.500000000e-02
1.457066894e-01 -5.734130333e-01 4.000000000e-02
1.828975810e-01 -6.379633909e-01 4.500000000e-02
2.239171244e-01 -7.000858946e-01 5.000000000e-02
2.686064847e-01 -7.595496615e-01 5.500000000e-02
3.167927912e-01 -8.161341988e-01 6.000000000e-02
3.682898162e-01 -8.696302596e-01 6.500000000e-02
4.228987058e-01 -9.198406552e-01 7.000000000e-02
4.804087607e-01 -9.665810196e-01 7.500000000e-02
5.405982628e-01 -1.009680523e+00 8.000000000e-02
6.032353451e-01 -1.048982533e+00 8.500000000e-02
6.680789013e-01 -1.084345219e+00 9.000000000e-02
7.348795309e-01 -1.115642099e+00 9.500000000e-02
8.033805175e-01 -1.142762528e+00 1.000000000e-01
8.733188350e-01 -1.165612118e+00 1.050000000e-01
9.444261782e-01 -1.184113099e+00 1.100000000e-01
1.016430014e+00 -1.198204618e+00 1.150000000e-01
1.089054651e+00 -1.207842961e+00 1.200000000e-01
1.162022314e+00 -1.213001718e+00 1.250000000e-01
1.235054237e+00 -1.213671873e+00 1.300000000e-01
1.307871753e+00 -1.209861832e+00 1.350000000e-01
1.380197380e+00 -1.201597376e+00 1.400000000e-01
1.451755914e+00 -1.188921548e+00 1.450000000e-01
1.522275495e+00 -1.171894476e+00 1.500000000e-01
1.591488681e+00 -1.150593123e+00 1.550000000e-01
1.659133481e+00 -1.125110978e+00 1.600000000e-01
1.724954385e+00 -1.095557672e+00 1.650000000e-01
1.788703363e+00 -1.062058540e+00 1.700000000e-01
1.850140822e+00 -1.024754122e+00 1.750000000e-01
1.909036550e+00 -9.837995931e-01 1.800000000e-01
1.965170616e+00 -9.393641432e-01 1.850000000e-01
2.018334210e+00 -8.916303114e-01 1.900000000e-01
2.068330468e+00 -8.407932501e-01 1.950000000e-01
2.114975242e+00 -7.870599402e-01 2.000000000e-01
2.158097796e+00 -7.306483874e-01 2.050000000e-01
2.197541482e+00 -6.717867338e-01 2.100000000e-01
2.233164337e+00 -6.107123678e-01 2.150000000e-01
2.264839633e+00 -5.476709700e-01 2.200000000e-01
2.292456366e+00 -4.829155356e-01 2.250000000e-01
2.315919661e+00 -4.167054076e-01 2.300000000e-01
2.335151165e+00 -3.493051731e-01 2.350000000e-01
2.350089307e+00 -2.809837009e-01 2.400000000e-01
2.360689542e+00 -2.120130467e-01 2.450000000e-01
2.366924522e+00 -1.426672972e-01 2.500000000e-01
2.368784160e+00 -7.322170987e-02 2.550000000e-01
2.366275688e+00 -3.951364806e-03 2.600000000e-01
2.359423594e+00 6.486981346e-02 2.650000000e-01
2.348269529e+00 1.329699845e-01 2.700000000e-01
2.332872098e+00 2.000808162e-01 2.750000000e-01
2.313306641e+00 2.659382342e-01 2.800000000e-01
2.289664939e+00 3.302834876e-01 2.850000000e-01
2.262054779e+00 3.928643918e-01 2.900000000e-01
2.230599587e+00 4.534360659e-01 2.950000000e-01
2.195437855e+00 5.117620756e-01 3.000000000e-01
2.156722633e+00 5.676152852e-01 3.050000000e-01
2.114620922e+00 6.207787175e-01 3.100000000e-01
2.069312904e+00 6.710465347e-01 3.150000000e-01
2.020991384e+00 7.182246732e-01 3.200000000e-01
1.969860849e+00 7.621317679e-01 3.250000000e-01
1.916136647e+00 8.025998356e-01 3.300000000e-01
1.860044404e+00 8.394747405e-01 3.350000000e-01
1.801818701e+00 8.726171001e-01 3.400000000e-01
1.741702417e+00 9.019026167e-01 3.450000000e-01
1.679945667e+00 9.272226317e-01 3.500000000e-01
1.616804699e+00 9.484845806e-01 3.550000000e-01
1.552541218e+00 9.656122173e-01 3.600000000e-01
1.487420938e+00 9.785460500e-01 3.650000000e-01
1.421712769e+00 9.872435020e-01 3.700000000e-01
1.355687712e+00 9.916790816e-01 3.750000000e-01
1.289617644e+00 9.918444857e-01 3.800000000e-01
1.223774616e+00 9.877486254e-01 3.850000000e-01
1.158429022e+00 9.794175701e-01 3.900000000e-01
1.093849117e+00 9.668944160e-01 3.950000000e-01
1.030300114e+00 9.502391930e-01 4.000000000e-01
9.680422800e-01 9.295284329e-01 4.050000000e-01
9.073307350e-01 9.048550185e-01 4.100000000e-01
8.484143634e-01 8.763278678e-01 4.150000000e-01
7.915341205e-01 8.440711808e-01 4.200000000e-01
7.369229083e-01 8.082242960e-01 4.250000000e-01
6.848042116e-01 7.689409411e-01 4.300000000e-01
6.353913297e-01 7.263886965e-01 4.350000000e-01
5.888864509e-01 6.807482505e-01 4.400000000e-01
5.454798335e-01 6.322126471e-01 4.450000000e-01
5.053491977e-01 5.809866839e-01 4.500000000e-01
4.686588015e-01 5.272858335e-01 4.550000000e-01
4.355588952e-01 4.713354739e-01 4.600000000e-01
4.061852671e-01 4.133702507e-01 4.650000000e-01
3.806584203e-01 3.536326603e-01 4.700000000e-01
3.590832761e-01 2.923723514e-01 4.750000000e-01
3.415488326e-01 2.298454230e-01 4.800000000e-01
3.281275590e-01 1.663127036e-01 4.850000000e-01
3.188752959e-01 1.020391889e-01 4.900000000e-01
3.138310244e-01 3.729320590e-02 4.950000000e-01
3.130165926e-01 -2.765545182e-02 5.000000000e-01
3.164367373e-01 -9.253594862e-02 5.050000000e-01
3.240790088e-01 -1.570774368e-01 5.100000000e-01
3.359138578e-01 -2.210108216e-01 5.150000000e-01
3.518947177e-01 -2.840691414e-01 5.200000000e-01
3.719581718e-01 -3.459888065e-01 5.250000000e-01
3.960243062e-01 -4.065110240e-01 5.300000000e-01
4.239968756e-01 -4.653822934e-01 5.350000000e-01
4.557637983e-01 -5.223557725e-01 5.400000000e-01
4.911975898e-01 -5.771922221e-01 5.450000000e-01
5.301557341e-01 -6.296607407e-01 5.500000000e-01
5.724815254e-01 -6.795400962e-01 5.550000000e-01
6.180043853e-01 -7.266191973e-01 5.600000000e-01
6.665407025e-01 -7.706981680e-01 5.650000000e-01
7.178945643e-01 -8.115891307e-01 5.700000000e-01
7.718583571e-01 -8.491168193e-01 5.750000000e-01
8.282139410e-01 -8.831195673e-01 5.800000000e-01
8.867332726e-01 -9.134497492e-01 5.850000000e-01
9.471791852e-01 -9.399743238e-01 5.900000000e-01
1.009306743e+00 -9.625755979e-01 5.950000000e-01
1.072863875e+00 -9.811515196e-01 6.000000000e-01
1.137592332e+00 -9.956160945e-01 6.050000000e-01
1.203229067e+00 -1.005899859e+00 6.100000000e-01
1.269506933e+00 -1.011950064e+00 6.150000000e-01
1.336155834e+00 -1.013730915e+00 6.200000000e-01
1.402903972e+00 -1.011223759e+00 6.250000000e-01
1.469478696e+00 -1.004427141e+00 6.300000000e-01
1.535607793e+00 -9.933568131e-01 6.350000000e-01
1.601020139e+00 -9.780457583e-01 6.400000000e-01
1.665447436e+00 -9.585439676e-01 6.450000000e-01
1.728624914e+00 -9.349182902e-01 6.500000000e-01
1.790292166e+00 -9.072522882e-01 6.550000000e-01
1.850194765e+00 -8.756457029e-01 6.600000000e-01
1.908084831e+00 -8.402142289e-01 6.650000000e-01
1.963722286e+00 -8.010889296e-01 6.700000000e-01
2.016875554e+00 -7.584158817e-01 6.750000000e-01
2.067322546e+00 -7.123556026e-01 6.800000000e-01
2.114851845e+00 -6.630821393e-01 6.850000000e-01
2.159263000e+00 -6.107829126e-01 6.900000000e-01
2.200367783e+00 -5.556575788e-01 6.950000000e-01
2.237990816e+00 -4.979173460e-01 7.000000000e-01
2.271970135e+00 -4.377843758e-01 7.050000000e-01
2.302158186e+00 -3.754903996e-01 7.100000000e-01
2.328422131e+00 -3.112762430e-01 7.150000000e-01
2.350644526e+00 -2.453905715e-01 7.200000000e-01
2.368723653e+00 -1.780893434e-01 7.250000000e-01
2.382574092e+00 -1.096343223e-01 7.300000000e-01
2.392126984e+00 -4.029225826e-02 7.350000000e-01
2.397330295e+00 2.966591172e-02 7.400000000e-01
2.398149118e+00 9.996685381e-02 7.450000000e-01
2.394565724e+00 1.703351009e-01 7.500000000e-01
2.386579695e+00 2.404945177e-01 7.550000000e-01
2.374207967e+00 3.101692140e-01 7.600000000e-01
2.357484764e+00 3.790847457e-01 7.650000000e-01
2.336461484e+00 4.469691959e-01 7.700000000e-01
2.311206558e+00 5.135541584e-01 7.750000000e-01
2.281805002e+00 5.785762791e-01 7.800000000e-01
2.248358329e+00 6.417776221e-01 7.850000000e-01
2.210983991e+00 7.029071395e-01 7.900000000e-01
2.169815019e+00 7.617214599e-01 7.950000000e-01
2.124999488e+00 8.179858839e-01 8.000000000e-01
2.076699902e+00 8.714753782e-01 8.050000000e-01
2.025092629e+00 9.219753773e-01 8.100000000e-01
1.970367256e+00 9.692826162e-01 8.150000000e-01
1.912725942e+00 1.013205879e+00 8.200000000e-01
1.852382402e+00 1.053566980e+00 8.250000000e-01
1.789561287e+00 1.090201298e+00 8.300000000e-01
1.724496951e+00 1.122958655e+00 8.350000000e-01
1.657433038e+00 1.151703612e+00 8.400000000e-01
1.588621166e+00 1.176316230e+00 8.450000000e-01
1.518320076e+00 1.196692468e+00 8.500000000e-01
1.446794377e+00 1.212744660e+00 8.550000000e-01
1.374313946e+00 1.224401744e+00 8.600000000e-01
1.301152630e+00 1.231609626e+00 8.650000000e-01
1.227587271e+00 1.234331380e+00 8.700000000e-01
1.153896499e+00 1.232547412e+00 8.750000000e-01
1.080359791e+00 1.226255548e+00 8.800000000e-01
1.007256375e+00 1.215471062e+00 8.850000000e-01
9.348640806e-01 1.200226624e+00 8.900000000e-01
8.634582451e-01 1.180572183e+00 8.950000000e-01
7.933104385e-01 1.156574725e+00 9.000000000e-01
7.246878476e-01 1.128318127e+00 9.050000000e-01
6.578518879e-01 1.095902754e+00 9.100000000e-01
5.930573174e-01 1.059445115e+00 9.150000000e-01
5.305508889e-01 1.019077214e+00 9.200000000e-01
4.705711105e-01 9.749464413e-01 9.250000000e-01
4.133467176e-01 9.272146795e-01 9.300000000e-01
3.590960203e-01 8.760578255e-01 9.350000000e-01
3.080257600e-01 8.216648258e-01 9.400000000e-01
2.603309085e-01 7.642375460e-01 9.450000000e-01
2.161933440e-01 7.039894574e-01 9.500000000e-01
1.757813734e-01 6.411450405e-01 9.550000000e-01
1.392489715e-01 5.759387668e-01 9.600000000e-01
1.067352525e-01 5.086143195e-01 9.650000000e-01
7.836390993e-02 4.394236256e-01 9.700000000e-01
5.424265478e-02 3.686256558e-01 9.750000000e-01
3.446298583e-02 2.964859619e-01 9.800000000e-01
1.909957635e-02 2.232748941e-01 9.850000000e-01
8.210156652e-03 1.492669684e-01 9.900000000e-01
1.835267474e-03 7.473975438e-02 9.950000000e-01
-1.895697430e-06 -2.711441960e-05 1.000000000e+00


0.000000000e+00 0.000000000e+00 0.000000000e+00
2.013692736e-03 -7.011549509e-02 5.000000000e-03
7.998610301e-03 -1.400063430e-01 1.000000000e-02
1.793677009e-02 -2.094494151e-01 1.500000000e-02
3.179818247e-02 -2.782227254e-01 2.000000000e-02
4.954089349e-02 -3.461060143e-01 2.500000000e-02
7.111105480e-02 -4.128813312e-01 3.000000000e-02
9.644301550e-02 -4.783336207e-01 3.500000000e-02
1.254594365e-01 -5.422513082e-01 4.000000000e-02
1.580714284e-01 -6.044268865e-01 4.500000000e-02
1.941787131e-01 -6.646575035e-01 5.000000000e-02
2.336698114e-01 -7.227455492e-01 5.500000000e-02
2.764222563e-01 -7.784992423e-01 6.000000000e-02
3.223028344e-01 -8.317332159e-01 6.500000000e-02
3.711678548e-01 -8.822691005e-01 7.000000000e-02
4.228634491e-01 -9.299361039e-01 7.500000000e-02
4.772259013e-01 -9.745715861e-01 8.000000000e-02
5.340820100e-01 -1.016021628e+00 8.500000000e-02
5.932494836e-01 -1.054141593e+00 9.000000000e-02
6.545373692e-01 -1.088796676e+00 9.500000000e-02
7.177465166e-01 -1.119862444e+00 1.000000000e-01
7.826700772e-01 -1.147225358e+00 1.050000000e-01
8.490940390e-01 -1.170783284e+00 1.100000000e-01
9.167977979e-01 -1.190445976e+00 1.150000000e-01
9.855547645e-01 -1.206135546e+00 1.200000000e-01
1.055133008e+00 -1.217786898e+00 1.250000000e-01
1.125295935e+00 -1.225348145e+00 1.300000000e-01
1.195803003e+00 -1.228780988e+00 1.350000000e-01
1.266410469e+00 -1.228061058e+00 1.400000000e-01
1.336872169e+00 -1.223178227e+00 1.450000000e-01
1.406940330e+00 -1.214136870e+00 1.500000000e-01
1.476366411e+00 -1.200956095e+00 1.550000000e-01
1.544901970e+00 -1.183669907e+00 1.600000000e-01
1.612299555e+00 -1.162327342e+00 1.650000000e-01
1.678313621e+00 -1.136992533e+00 1.700000000e-01
1.742701457e+00 -1.107744728e+00 1.750000000e-01
1.805224137e+00 -1.074678243e+00 1.800000000e-01
1.865647475e+00 -1.037902361e+00 1.850000000e-01
1.923742993e+00 -9.975411664e-01 1.900000000e-01
1.979288885e+00 -9.537333083e-01 1.950000000e-01
2.032070987e+00 -9.066317083e-01 2.000000000e-01
2.081883736e+00 -8.564031883e-01 2.050000000e-01
2.128531114e+00 -8.032280427e-01 2.100000000e-01
2.171827587e+00 -7.472995332e-01 2.150000000e-01
2.211599008e+00 -6.888233125e-01 2.200000000e-01
2.247683496e+00 -6.280168007e-01 2.250000000e-01
2.279932288e+00 -5.651084739e-01 2.300000000e-01
2.308210555e+00 -5.003370772e-01 2.350000000e-01
2.332398154e+00 -4.339508194e-01 2.400000000e-01
2.352390358e+00 -3.662064662e-01 2.450000000e-01
2.368098517e+00 -2.973683671e-01 2.500000000e-01
2.379450653e+00 -2.277075119e-01 2.550000000e-01
2.386392019e+00 -1.575003985e-01 2.600000000e-01
2.388885560e+00 -8.702796815e-02 2.650000000e-01
2.386912323e+00 -1.657445660e-02 2.700000000e-01
2.380471776e+00 5.357381505e-02 2.750000000e-01
2.369582055e+00 1.231296467e-01 2.800000000e-01
2.354280135e+00 1.918061986e-01 2.850000000e-01
2.334621899e+00 2.593182336e-01 2.900000000e-01
2.310682099e+00 3.253835568e-01 2.950000000e-01
2.282554327e+00 3.897240360e-01 3.000000000e-01
2.250350742e+00 4.520671202e-01 3.050000000e-01
2.214201767e+00 5.121471528e-01 3.100000000e-01
2.174255763e+00 5.697064927e-01 3.150000000e-01
2.130678682e+00 6.244966418e-01 3.200000000e-01
2.083653142e+00 6.762799784e-01 3.250000000e-01
2.033378002e+00 7.248305770e-01 3.300000000e-01
1.980067746e+00 7.699352842e-01 3.350000000e-01
1.923951337e+00 8.113951387e-01 3.400000000e-01
1.865271411e+00 8.490262781e-01 3.450000000e-01
1.804283578e+00 8.826607512e-01 3.500000000e-01
1.741254661e+00 9.121478826e-01 3.550000000e-01
1.676462176e+00 9.373547155e-01 3.600000000e-01
1.610192879e+00 9.581669421e-01 3.650000000e-01
1.542741625e+00 9.744895607e-01 3.700000000e-01
1.474409740e+00 9.862475388e-01 3.750000000e-01
1.405503969e+00 9.933862402e-01 3.800000000e-01
1.336334915e+00 9.958718802e-01 3.850000000e-01
1.267215388e+00 9.936918041e-01 3.900000000e-01
1.198459591e+00 9.868547054e-01 3.950000000e-01
1.130380816e+00 9.753907120e-01 4.000000000e-01
1.063290370e+00 9.593513545e-01 4.050000000e-01
9.974962561e-01 9.388095322e-01 4.100000000e-01
9.333008467e-01 9.138590418e-01 4.150000000e-01
8.710004449e-01 8.846145157e-01 4.200000000e-01
8.108832469e-01 8.512108320e-01 4.250000000e-01
7.532280117e-01 8.138025707e-01 4.300000000e-01
6.983027295e-01 7.725633719e-01 4.350000000e-01
6.463631488e-01 7.276851076e-01 4.400000000e-01
5.976516542e-01 6.793771179e-01 4.450000000e-01
5.523959347e-01 6.278651647e-01 4.500000000e-01
5.108079754e-01 5.733905745e-01 4.550000000e-01
4.730827555e-01 5.162088346e-01 4.600000000e-01
4.393973981e-01 4.565885410e-01 4.650000000e-01
4.099102224e-01 3.948100757e-01 4.700000000e-01
3.847599167e-01 3.311641853e-01 4.750000000e-01
3.640649973e-01 2.659509814e-01 4.800000000e-01
3.479229461e-01 1.994779083e-01 4.850000000e-01
3.364098801e-01 1.320586476e-01 4.900000000e-01
3.295801142e-01 6.401146901e-02 4.950000000e-01
3.274658705e-01 -4.342396027e-03 5.000000000e-01
3.300771439e-01 -7.268006880e-02 5.050000000e-01
3.374016192e-01 -1.406787705e-01 5.100000000e-01
3.494047313e-01 -2.080173648e-01 5.150000000e-01
3.660299032e-01 -2.743781820e-01 5.200000000e-01
3.871987534e-01 -3.394480692e-01 5.250000000e-01
4.128115638e-01 -4.029202849e-01 5.300000000e-01
4.427477900e-01 -4.644958969e-01 5.350000000e-01
4.768665821e-01 -5.238850165e-01 5.400000000e-01
5.150077065e-01 -5.808086180e-01 5.450000000e-01
5.569922092e-01 -6.349995265e-01 5.500000000e-01
6.026234167e-01 -6.862038238e-01 5.550000000e-01
6.516879004e-01 -7.341820078e-01 5.600000000e-01
7.039564861e-01 -7.787100201e-01 5.650000000e-01
7.591855294e-01 -8.195804065e-01 5.700000000e-01
8.171179272e-01 -8.566031150e-01 5.750000000e-01
8.774848407e-01 -8.896066252e-01 5.800000000e-01
9.400066479e-01 -9.184384286e-01 5.850000000e-01
1.004394538e+00 -9.429658159e-01 5.900000000e-01
1.070351946e+00 -9.630763863e-01 5.950000000e-01
1.137575589e+00 -9.786783594e-01 6.000000000e-01
1.205757807e+00 -9.897011728e-01 6.050000000e-01
1.274587280e+00 -9.960954540e-01 6.100000000e-01
1.343750728e+00 -9.978332270e-01 6.150000000e-01
1.412934812e+00 -9.949079283e-01 6.200000000e-01
1.481826925e+00 -9.873342649e-01 6.250000000e-01
1.550117087e+00 -9.751480439e-01 6.300000000e-01
1.617499503e+00 -9.584058128e-01 6.350000000e-01
1.683673703e+00 -9.371844718e-01 6.400000000e-01
1.748345989e+00 -9.115807604e-01 6.450000000e-01
1.811230974e+00 -8.817105639e-01 6.500000000e-01
1.872052377e+00 -8.477083896e-01 6.550000000e-01
1.930544582e+00 -8.097264639e-01 6.600000000e-01
1.986453675e+00 -7.679339174e-01 6.650000000e-01
2.039538708e+00 -7.225156816e-01 6.700000000e-01
2.089572255e+00 -6.736718317e-01 6.750000000e-01
2.136341711e+00 -6.216162248e-01 6.800000000e-01
2.179649934e+00 -5.665755230e-01 6.850000000e-01
2.219315985e+00 -5.087880619e-01 6.900000000e-01
2.255175949e+00 -4.485024043e-01 6.950000000e-01
2.287083209e+00 -3.859765047e-01 7.000000000e-01
2.314909042e+00 -3.214763218e-01 7.050000000e-01
2.338543091e+00 -2.552743209e-01 7.100000000e-01
2.357893551e+00 -1.876483253e-01 7.150000000e-01
2.372887296e+00 -1.188804867e-01 7.200000000e-01
2.383470126e+00 -4.925548975e-02 7.250000000e-01
2.389606656e+00 2.094046410e-02 7.300000000e-01
2.391280245e+00 9.142071133e-02 7.350000000e-01
2.388492854e+00 1.618998539e-01 7.400000000e-01
2.381264753e+00 2.320946028e-01 7.450000000e-01
2.369634211e+00 3.017250216e-01 7.500000000e-01
2.353657107e+00 3.705155700e-01 7.550000000e-01
2.333406419e+00 4.381964050e-01 7.600000000e-01
2.308971712e+00 5.045042976e-01 7.650000000e-01
2.280458545e+00 5.691836133e-01 7.700000000e-01
2.247987781e+00 6.319873096e-01 7.750000000e-01
2.211694824e+00 6.926779358e-01 7.800000000e-01
2.171728955e+00 7.510282287e-01 7.850000000e-01
2.128252418e+00 8.068220588e-01 7.900000000e-01
2.081439546e+00 8.598551404e-01 7.950000000e-01
2.031475877e+00 9.099356217e-01 8.000000000e-01
1.978557587e+00 9.568843034e-01 8.050000000e-01
1.922890013e+00 1.000535713e+00 8.100000000e-01
1.864687050e+00 1.040738152e+00 8.150000000e-01
1.804170355e+00 1.077353993e+00 8.200000000e-01
1.741567960e+00 1.110260274e+00 8.250000000e-01
1.677113577e+00 1.139348724e+00 8.300000000e-01
1.611045805e+00 1.164525880e+00 8.350000000e-01
1.543606783e+00 1.185713378e+00 8.400000000e-01
1.475041387e+00 1.202847902e+00 8.450000000e-01
1.405596642e+00 1.215881084e+00 8.500000000e-01
1.335520036e+00 1.224779623e+00 8.550000000e-01
1.265059341e+00 1.229524970e+00 8.600000000e-01
1.194461513e+00 1.230113213e+00 8.650000000e-01
1.123972026e+00 1.226554873e+00 8.700000000e-01
1.053833703e+00 1.218874606e+00 8.750000000e-01
9.842863517e-01 1.207110929e+00 8.800000000e-01
9.155658058e-01 1.191315873e+00 8.850000000e-01
8.479032141e-01 1.171554586e+00 8.900000000e-01
7.815247765e-01 1.147905057e+00 8.950000000e-01
7.166501817e-01 1.120457411e+00 9.000000000e-01
6.534928875e-01 1.089313702e+00 9.050000000e-01
5.922591885e-01 1.054587330e+00 9.100000000e-01
5.331477065e-01 1.016402550e+00 9.150000000e-01
4.763489304e-01 9.748939559e-01 9.200000000e-01
4.220446432e-01 9.302058794e-01 9.250000000e-01
3.704076291e-01 8.824919308e-01 9.300000000e-01
3.216011494e-01 8.319143138e-01 9.350000000e-01
2.757787629e-01 7.786434415e-01 9.400000000e-01
2.330839256e-01 7.228573138e-01 9.450000000e-01
1.936497055e-01 6.647409676e-01 9.500000000e-01
1.575985306e-01 6.044859612e-01 9.550000000e-01
1.250417188e-01 5.422894349e-01 9.600000000e-01
9.607961009e-02 4.783540887e-01 9.650000000e-01
7.080113198e-02 4.128872291e-01 9.700000000e-01
4.928365664e-02 3.461001736e-01 9.750000000e-01
3.159288423e-02 2.782076704e-01 9.800000000e-01
1.778280636e-02 2.094276408e-01 9.850000000e-01
7.895464544e-03 1.399800297e-01 9.900000000e-01
1.960995659e-03 7.008662507e-02 9.950000000e-01
-2.451154768e-06 -2.955529246e-05 1.000000000e+00


0.000000000e+00 0.000000000e+00 0.000000000e+00
2.666922525e-02 -2.535763822e-02 3.333333333e-03
5.503997364e-02 -4.779279913e-02 6.666666667e-03
8.485729670e-02 -6.718677308e-02 1.000000000e-02
1.158578154e-01 -8.344163126e-02 1.333333333e-02
1.477713890e-01 -9.648083885e-02 1.666666667e-02
1.803228100e-01 -1.062497253e-01 2.000000000e-02
2.132335407e-01 -1.127158217e-01 2.333333333e-02
2.462234772e-01 -1.158690601e-01 2.666666667e-02
2.790127094e-01 -1.157218329e-01 3.000000000e-02
3.113233038e-01 -1.123089134e-01 3.333333333e-02
3.428810486e-01 -1.056872375e-01 3.666666667e-02
3.734172033e-01 -9.593554605e-02 4.000000000e-02
4.026701947e-01 -8.315389282e-02 4.333333333e-02
4.303872745e-01 -6.746302146e-02 4.666666667e-02
4.563261430e-01 -4.900360392e-02 5.000000000e-02
4.802564781e-01 -2.793536706e-02 5.333333333e-02
5.019614061e-01 -4.436093840e-03 5.666666667e-02
5.212388898e-01 2.129948826e-02 6.000000000e-02
5.379030233e-01 4.906092425e-02 6.333333333e-02
5.517852272e-01 7.862334667e-02 6.666666667e-02
5.627353373e-01 1.097488809e-01 7.000000000e-02
5.706225782e-01 1.421881321e-01 7.333333333e-02
5.753364183e-01 1.756817439e-01 7.666666667e-02
5.767872987e-01 2.099620201e-01 8.000000000e-02
5.749072322e-01 2.447545981e-01 8.333333333e-02
5.696502691e-01 2.797801643e-01 8.666666667e-02
5.609928265e-01 3.147562008e-01 9.000000000e-02
5.489338795e-01 3.493987524e-01 9.333333333e-02
5.334950123e-01 3.834242024e-01 9.666666667e-02
5.147203302e-01 4.165510469e-01 1.000000000e-01
4.926762322e-01 4.485016562e-01 1.033333333e-01
4.674510463e-01 4.790040125e-01 1.066666667e-01
4.391545293e-01 5.077934124e-01 1.100000000e-01
4.079172354e-01 5.346141249e-01 1.133333333e-01
3.738897560e-01 5.592209939e-01 1.166666667e-01
3.372418375e-01 5.813809749e-01 1.200000000e-01
2.981613811e-01 6.008745977e-01 1.233333333e-01
2.568533326e-01 6.174973447e-01 1.266666667e-01
2.135384670e-01 6.310609376e-01 1.300000000e-01
1.684520784e-01 6.413945238e-01 1.333333333e-01
1.218425808e-01 6.483457559e-01 1.366666667e-01
7.397003111e-02 6.517817575e-01 1.400000000e-01
2.510458111e-02 6.515899699e-01 1.433333333e-01
-2.447512940e-02 6.476788737e-01 1.466666667e-01
-7.448363003e-02 6.399785833e-01 1.500000000e-01
-1.246303165e-01 6.284413079e-01 1.533333333e-01
-1.746211765e-01 6.130416795e-01 1.566666667e-01
-2.241605335e-01 5.937769442e-01 1.600000000e-01
-2.729527983e-01 5.706670166e-01 1.633333333e-01
-3.207042168e-01 5.437543977e-01 1.666666667e-01
-3.671246037e-01 5.131039570e-01 1.700000000e-01
-4.119290519e-01 4.788025805e-01 1.733333333e-01
-4.548396055e-01 4.409586872e-01 1.766666667e-01
-4.955868886e-01 3.997016175e-01 1.800000000e-01
-5.339116779e-01 3.551808986e-01 1.833333333e-01
-5.695664109e-01 3.075653904e-01 1.866666667e-01
-6.023166205e-01 2.570423187e-01 1.900000000e-01
-6.319422866e-01 2.038162019e-01 1.933333333e-01
-6.582390987e-01 1.481076783e-01 1.966666667e-01
-6.810196197e-01 9.015224166e-02 2.000000000e-01
-7.001143460e-01 3.019889244e-02 2.033333333e-01
-7.153726578e-01 -3.149128486e-02 2.066666667e-01
-7.266636529e-01 -9.464661081e-02 2.100000000e-01
-7.338768614e-01 -1.589863563e-01 2.133333333e-01
-7.369228359e-01 -2.242223344e-01 2.166666667e-01
-7.357336162e-01 -2.900605283e-01 2.200000000e-01
-7.302630640e-01 -3.562027461e-01 2.233333333e-01
-7.204870684e-01 -4.223482914e-01 2.266666667e-01
-7.064036205e-01 -4.881956391e-01 2.300000000e-01
-6.880327587e-01 -5.534441070e-01 2.333333333e-01
-6.654163844e-01 -6.177955124e-01 2.366666667e-01
-6.386179514e-01 -6.809558034e-01 2.400000000e-01
-6.077220311e-01 -7.426366559e-01 2.433333333e-01
-5.728337575e-01 -8.025570259e-01 2.466666667e-01
-5.340781566e-01 -8.604446483e-01 2.500000000e-01
-4.915993636e-01 -9.160374738e-01 2.533333333e-01
-4.455597365e-01 -9.690850347e-01 2.566666667e-01
-3.961388693e-01 -1.019349732e+00 2.600000000e-01
-3.435325144e-01 -1.066608039e+00 2.633333333e-01
-2.879514192e-01 -1.110651610e+00 2.666666667e-01
-2.296200876e-01 -1.151288290e+00 2.700000000e-01
-1.687754719e-01 -1.188343026e+00 2.733333333e-01
-1.056656059e-01 -1.221658665e+00 2.766666667e-01
-4.054818720e-02 -1.251096644e+00 2.800000000e-01
2.631088123e-02 -1.276537557e+00 2.833333333e-01
9.463898206e-02 -1.297881619e+00 2.866666667e-01
1.641582962e-01 -1.315048996e+00 2.900000000e-01
2.345873283e-01 -1.327980025e+00 2.933333333e-01
3.056424351e-01 -1.336635310e+00 2.966666667e-01
3.770393473e-01 -1.340995703e+00 3.000000000e-01
4.484946757e-01 -1.341062160e+00 3.033333333e-01
5.197273920e-01 -1.336855493e+00 3.066666667e-01
5.904602758e-01 -1.328416002e+00 3.100000000e-01
6.604213190e-01 -1.315803000e+00 3.133333333e-01
7.293450792e-01 -1.299094236e+00 3.166666667e-01
7.969739748e-01 -1.278385219e+00 3.200000000e-01
8.630595140e-01 -1.253788452e+00 3.233333333e-01
9.273634510e-01 -1.225432567e+00 3.266666667e-01
9.896588633e-01 -1.193461397e+00 3.300000000e-01
1.049731145e+00 -1.158032961e+00 3.333333333e-01
1.107378909e+00 -1.119318392e+00 3.366666667e-01
1.162414797e+00 -1.077500802e+00 3.400000000e-01
1.214666192e+00 -1.032774096e+00 3.433333333e-01
1.263975826e+00 -9.853417556e-01 3.466666667e-01
1.310202293e+00 -9.354155762e-01 3.500000000e-01
1.353220451e+00 -8.832143884e-01 3.533333333e-01
1.392921718e+00 -8.289627618e-01 3.566666667e-01
1.429214270e+00 -7.728897025e-01 3.600000000e-01
1.462023129e+00 -7.152273518e-01 3.633333333e-01
1.491290148e+00 -6.562096966e-01 3.666666667e-01
1.516973895e+00 -5.960712971e-01 3.700000000e-01
1.539049444e+00 -5.350460421e-01 3.733333333e-01
1.557508061e+00 -4.733659384e-01 3.766666667e-01
1.572356805e+00 -4.112599421e-01 3.800000000e-01
1.583618047e+00 -3.489528387e-01 3.833333333e-01
1.591328895e+00 -2.866641778e-01 3.866666667e-01
1.595540553e+00 -2.246072706e-01 3.900000000e-01
1.596317610e+00 -1.629882524e-01 3.933333333e-01
1.593737258e+00 -1.020052179e-01 3.966666667e-01
1.587888458e+00 -4.184743286e-02 4.000000000e-01
1.578871062e+00 1.730537550e-02 4.033333333e-01
1.566794880e+00 7.528364425e-02 4.066666667e-01
1.551778719e+00 1.319285154e-01 4.100000000e-01
1.533949401e+00 1.870922896e-01 4.133333333e-01
1.513440747e+00 2.406387909e-01 4.166666667e-01
1.490392560e+00 2.924436435e-01 4.200000000e-01
1.464949602e+00 3.423944596e-01 4.233333333e-01
1.437260571e+00 3.903909389e-01 4.266666667e-01
1.407477091e+00 4.363448833e-01 4.300000000e-01
1.375752720e+00 4.801801260e-01 4.333333333e-01
1.342241983e+00 5.218323799e-01 4.366666667e-01
1.307099434e+00 5.612490083e-01 4.400000000e-01
1.270478762e+00 5.983887203e-01 4.433333333e-01
1.232531933e+00 6.332211969e-01 4.466666667e-01
1.193408387e+00 6.657266520e-01 4.500000000e-01
1.153254287e+00 6.958953332e-01 4.533333333e-01
1.112211828e+00 7.237269685e-01 4.566666667e-01
1.070418606e+00 7.492301644e-01 4.600000000e-01
1.028007057e+00 7.724217617e-01 4.633333333e-01
9.851039600e-01 7.933261568e-01 4.666666667e-01
9.418300168e-01 8.119745920e-01 4.700000000e-01
8.982994996e-01 8.284044255e-01 4.733333333e-01
8.546199747e-01 8.426583848e-01 4.766666667e-01
8.108920998e-01 8.547838120e-01 4.800000000e-01
7.672094950e-01 8.648319076e-01 4.833333333e-01
7.236586863e-01 8.728569786e-01 4.866666667e-01
6.803191214e-01 8.789156995e-01 4.900000000e-01
6.372632543e-01 8.830663905e-01 4.933333333e-01
5.945566968e-01 8.853683202e-01 4.966666667e-01
5.522584340e-01 8.858810385e-01 5.000000000e-01
5.104210996e-01 8.846637455e-01 5.033333333e-01
4.690913072e-01 8.817747010e-01 5.066666667e-01
4.283100332e-01 8.772706795e-01 5.100000000e-01
3.881130464e-01 8.712064761e-01 5.133333333e-01
3.485313779e-01 8.636344652e-01 5.166666667e-01
3.095918280e-01 8.546042168e-01 5.200000000e-01
2.713175016e-01 8.441621730e-01 5.233333333e-01
2.337283684e-01 8.323513861e-01 5.266666667e-01
1.968418396e-01 8.192113211e-01 5.300000000e-01
1.606733568e-01 8.047777229e-01 5.333333333e-01
1.252369846e-01 7.890825485e-01 5.366666667e-01
9.054600235e-02 7.721539654e-01 5.400000000e-01
5.661348763e-02 7.540164135e-01 5.433333333e-01
2.345288576e-02 7.346907315e-01 5.466666667e-01
-8.921441666e-03 7.141943435e-01 5.500000000e-01
-4.049369365e-02 6.925415060e-01 5.533333333e-01
-7.124613885e-02 6.697436102e-01 5.566666667e-01
-1.011586618e-01 6.458095374e-01 5.600000000e-01
-1.302083514e-01 6.207460631e-01 5.633333333e-01
-1.583691368e-01 5.945583049e-01 5.666666667e-01
-1.856114710e-01 5.672502135e-01 5.700000000e-01
-2.119020767e-01 5.388250905e-01 5.733333333e-01
-2.372037397e-01 5.092861460e-01 5.766666667e-01
-2.614751728e-01 4.786370699e-01 5.800000000e-01
-2.846709365e-01 4.468826260e-01 5.833333333e-01
-3.067414241e-01 4.140292593e-01 5.866666667e-01
-3.276329219e-01 3.800856941e-01 5.900000000e-01
-3.472877182e-01 3.450635555e-01 5.933333333e-01
-3.656442962e-01 3.089779565e-01 5.966666667e-01
-3.826375786e-01 2.718480923e-01 6.000000000e-01
-3.981992459e-01 2.336977971e-01 6.033333333e-01
-4.122581125e-01 1.945560806e-01 6.066666667e-01
-4.247405576e-01 1.544576440e-01 6.100000000e-01
-4.355710247e-01 1.134433307e-01 6.133333333e-01
-4.446725620e-01 7.156056150e-02 6.166666667e-01
-4.519674237e-01 2.886367974e-02 6.200000000e-01
-4.573777022e-01 -1.458569462e-02 6.233333333e-01
-4.608260110e-01 -5.871842729e-02 6.266666667e-01
-4.622361995e-01 -1.034576757e-01 6.300000000e-01
-4.615340928e-01 -1.487187564e-01 6.333333333e-01
-4.586482579e-01 -1.944090831e-01 6.366666667e-01
-4.535107844e-01 -2.404281745e-01 6.400000000e-01
-4.460580708e-01 -2.866677778e-01 6.433333333e-01
-4.362316260e-01 -3.330119554e-01 6.466666667e-01
-4.239788496e-01 -3.793373936e-01 6.500000000e-01
-4.092538199e-01 -4.255136602e-01 6.533333333e-01
-3.920180479e-01 -4.714036253e-01 6.566666667e-01
-3.722412096e-01 -5.168639269e-01 6.600000000e-01
-3.499018614e-01 -5.617454706e-01 6.633333333e-01
-3.249880921e-01 -6.058940719e-01 6.666666667e-01
-2.974981608e-01 -6.491510854e-01 6.700000000e-01
-2.674410474e-01 -6.913541801e-01 6.733333333e-01
-2.348369846e-01 -7.323380943e-01 6.766666667e-01
-1.997178909e-01 -7.719355136e-01 6.800000000e-01
-1.621277678e-01 -8.099779428e-01 6.833333333e-01
-1.221229970e-01 -8.462966646e-01 6.866666667e-01
-7.977258302e-02 -8.807237032e-01 6.900000000e-01
-3.515829837e-02 -9.130928423e-01 6.933333333e-01
1.162524308e-02 -9.432406515e-01 6.966666667e-01
6.047060764e-02 -9.710075402e-01 7.000000000e-01
1.112576454e-01 -9.962388140e-01 7.033333333e-01
1.638536889e-01 -1.018785739e+00 7.066666667e-01
2.181138373e-01 -1.038506596e+00 7.100000000e-01
2.738813372e-01 -1.055267726e+00 7.133333333e-01
3.309880464e-01 -1.068944549e+00 7.166666667e-01
3.892549949e-01 -1.079422560e+00 7.200000000e-01
4.484930234e-01 -1.086598286e+00 7.233333333e-01
5.085035166e-01 -1.090380195e+00 7.266666667e-01
5.690792067e-01 -1.090689561e+00 7.300000000e-01
6.300050642e-01 -1.087461263e+00 7.333333333e-01
6.910592521e-01 -1.080644526e+00 7.366666667e-01
7.520141559e-01 -1.070203580e+00 7.400000000e-01
8.126374680e-01 -1.056118254e+00 7.433333333e-01
8.726933345e-01 -1.038384476e+00 7.466666667e-01
9.319435451e-01 -1.017014689e+00 7.500000000e-01
9.901487701e-01 -9.920381750e-01 7.533333333e-01
1.047069828e+00 -9.635012796e-01 7.566666667e-01
1.102468984e+00 -9.314675371e-01 7.600000000e-01
1.156111260e+00 -8.960176940e-01 7.633333333e-01
1.207765763e+00 -8.572496264e-01 7.666666667e-01
1.257207011e+00 -8.152781520e-01 7.700000000e-01
1.304216249e+00 -7.702347346e-01 7.733333333e-01
1.348582751e+00 -7.222670839e-01 7.766666667e-01
1.390105103e+00 -6.715386475e-01 7.800000000e-01
1.428592441e+00 -6.182280017e-01 7.833333333e-01
1.463865659e+00 -5.625281377e-01 7.866666667e-01
1.495758554e+00 -5.046456525e-01 7.900000000e-01
1.524118928e+00 -4.447998414e-01 7.933333333e-01
1.548809606e+00 -3.832217036e-01 7.966666667e-01
1.569709395e+00 -3.201528598e-01 8.000000000e-01
1.586713951e+00 -2.558443917e-01 8.033333333e-01
1.599736564e+00 -1.905556079e-01 8.066666667e-01
1.608708848e+00 -1.245527438e-01 8.100000000e-01
1.613581329e+00 -5.810760277e-02 8.133333333e-01
1.614323929e+00 8.503853996e-03 8.166666667e-01
1.610926344e+00 7.500295882e-02 8.200000000e-01
1.603398304e+00 1.411098252e-01 8.233333333e-01
1.591769720e+00 2.065448571e-01 8.266666667e-01
1.576090715e+00 2.710302777e-01 8.300000000e-01
1.556431533e+00 3.342916602e-01 8.333333333e-01
1.532882325e+00 3.960594599e-01 8.366666667e-01
1.505552822e+00 4.560705287e-01 8.400000000e-01
1.474571882e+00 5.140696104e-01 8.433333333e-01
1.440086921e+00 5.698108017e-01 8.466666667e-01
1.402263231e+00 6.230589722e-01 8.500000000e-01
1.361283183e+00 6.735911327e-01 8.533333333e-01
1.317345323e+00 7.211977440e-01 8.566666667e-01
1.270663365e+00 7.656839561e-01 8.600000000e-01
1.221465084e+00 8.068707706e-01 8.633333333e-01
1.169991118e+00 8.445961179e-01 8.666666667e-01
1.116493688e+00 8.787158423e-01 8.700000000e-01
1.061235233e+00 9.091045862e-01 8.733333333e-01
1.004486980e+00 9.356565717e-01 8.766666667e-01
9.465274511e-01 9.582862672e-01 8.800000000e-01
8.876409138e-01 9.769289408e-01 8.833333333e-01
8.281157947e-01 9.915410908e-01 8.866666667e-01
7.682430517e-01 1.002100753e+00 8.900000000e-01
7.083145260e-01 1.008607682e+00 8.933333333e-01
6.486212787e-01 1.011083401e+00 8.966666667e-01
5.894519238e-01 1.009571121e+00 9.000000000e-01
5.310909678e-01 1.004135537e+00 9.033333333e-01
4.738171660e-01 9.948624825e-01 9.066666667e-01
4.179019060e-01 9.818584681e-01 9.100000000e-01
3.636076282e-01 9.652500828e-01 9.133333333e-01
3.111862942e-01 9.451832796e-01 9.166666667e-01
2.608779107e-01 9.218225385e-01 9.200000000e-01
2.129091216e-01 8.953499148e-01 9.233333333e-01
1.674918745e-01 8.659639784e-01 9.266666667e-01
1.248221715e-01 8.338786487e-01 9.300000000e-01
8.507891363e-02 7.993219337e-01 9.333333333e-01
4.842284387e-02 7.625345793e-01 9.366666667e-01
1.499559856e-02 7.237686372e-01 9.400000000e-01
-1.508112839e-02 6.832859612e-01 9.433333333e-01
-4.170630201e-02 6.413566384e-01 9.466666667e-01
-6.480013904e-02 5.982573682e-01 9.500000000e-01
-8.430457252e-02 5.542697955e-01 9.533333333e-01
-1.001835852e-01 5.096788110e-01 9.566666667e-01
-1.124234089e-01 4.647708270e-01 9.600000000e-01
-1.210325883e-01 4.198320411e-01 9.633333333e-01
-1.260419084e-01 3.751466968e-01 9.666666667e-01
-1.275041854e-01 3.309953538e-01 9.700000000e-01
-1.254939217e-01 2.876531767e-01 9.733333333e-01
-1.201068275e-01 2.453882549e-01 9.766666667e-01
-1.114592110e-01 2.044599628e-01 9.800000000e-01
-9.968724102e-02 1.651173715e-01 9.833333333e-01
-8.494608573e-02 1.275977214e-01 9.866666667e-01
-6.740893363e-02 9.212496593e-02 9.900000000e-01
-4.726590169e-02 5.890839557e-02 9.933333333e-01
-2.472283774e-02 2.814135021e-02 9.966666667e-01
-2.410431225e-08 2.906778086e-08 1.000000000e+00


0.000000000e+00 0.000000000e+00 0.000000000e+00
3.158646377e-02 -2.508350523e-02 3.333333333e-03
6.499311309e-02 -4.645163466e-02 6.666666667e-03
9.986454720e-02 -6.397081538e-02 1.000000000e-02
1.358357238e-01 -7.753991766e-02 1.333333333e-02
1.725349107e-01 -8.709093131e-02 1.666666667e-02
2.095866802e-01 -9.258935475e-02 2.000000000e-02
2.466149279e-01 -9.403431003e-02 2.333333333e-02
2.832458716e-01 -9.145838282e-02 2.666666667e-02
3.191110167e-01 -8.492719277e-02 3.000000000e-02
3.538500614e-01 -7.453869873e-02 3.333333333e-02
3.871137225e-01 -6.042224377e-02 3.666666667e-02
4.185664434e-01 -4.273735501e-02 4.000000000e-02
4.478889685e-01 -2.167231305e-02 4.333333333e-02
4.747808011e-01 2.557521492e-03 4.666666667e-02
4.989624413e-01 2.971155721e-02 5.000000000e-02
5.201774686e-01 5.952602851e-02 5.333333333e-02
5.381944145e-01 9.171621691e-02 5.666666667e-02
5.528084178e-01 1.259788209e-01 6.000000000e-02
5.638426519e-01 1.619944535e-01 6.333333333e-02
5.711495151e-01 1.994302445e-01 6.666666667e-02
5.746115756e-01 2.379425255e-01 7.000000000e-02
5.741422668e-01 2.771795733e-01 7.333333333e-02
5.696863294e-01 3.167843895e-01 7.666666667e-02
5.612200009e-01 3.563974904e-01 8.000000000e-02
5.487509523e-01 3.956596868e-01 8.333333333e-02
5.323179783e-01 4.342148270e-01 8.666666667e-02
5.119904457e-01 4.717124847e-01 9.000000000e-02
4.878675081e-01 5.078105671e-01 9.333333333e-02
4.600770970e-01 5.421778245e-01 9.666666667e-02
4.287747009e-01 5.744962409e-01 1.000000000e-01
3.941419467e-01 6.044632888e-01 1.033333333e-01
3.563849967e-01 6.317940311e-01 1.066666667e-01
3.157327802e-01 6.562230547e-01 1.100000000e-01
2.724350749e-01 6.775062250e-01 1.133333333e-01
2.267604578e-01 6.954222470e-01 1.166666667e-01
1.789941444e-01 7.097740259e-01 1.200000000e-01
1.294357367e-01 7.203898192e-01 1.233333333e-01
7.839689966e-02 7.271241741e-01 1.266666667e-01
2.619898825e-02 7.298586481e-01 1.300000000e-01
-2.682935631e-02 7.285023114e-01 1.333333333e-01
-8.035461923e-02 7.229920307e-01 1.366666667e-01
-1.340408144e-01 7.132925377e-01 1.400000000e-01
-1.875518562e-01 6.993962863e-01 1.433333333e-01
-2.405538827e-01 6.813231050e-01 1.466666667e-01
-2.927175118e-01 6.591196522e-01 1.500000000e-01
-3.437200133e-01 6.328586845e-01 1.533333333e-01
-3.932473827e-01 6.026381477e-01 1.566666667e-01
-4.409963002e-01 5.685801041e-01 1.600000000e-01
-4.866759638e-01 5.308295074e-01 1.633333333e-01
-5.300097840e-01 4.895528425e-01 1.666666667e-01
-5.707369309e-01 4.449366423e-01 1.700000000e-01
-6.086137241e-01 3.971858994e-01 1.733333333e-01
-6.434148620e-01 3.465223889e-01 1.766666667e-01
-6.749344820e-01 2.931829178e-01 1.800000000e-01
-7.029870502e-01 2.374175188e-01 1.833333333e-01
-7.274080801e-01 1.794876046e-01 1.866666667e-01
-7.480546777e-01 1.196640995e-01 1.900000000e-01
-7.648059174e-01 5.822556578e-02 1.933333333e-01
-7.775630515e-01 -4.543662606e-03 1.966666667e-01
-7.862495567e-01 -6.835532043e-02 2.000000000e-01
-7.908110252e-01 -1.329190141e-01 2.033333333e-01
-7.912149069e-01 -1.979439721e-01 2.066666667e-01
-7.874501112e-01 -2.631407323e-01 2.100000000e-01
-7.795264788e-01 -3.282227526e-01 2.133333333e-01
-7.674741329e-01 -3.929079377e-01 2.166666667e-01
-7.513427208e-01 -4.569200714e-01 2.200000000e-01
-7.312005592e-01 -5.199901477e-01 2.233333333e-01
-7.071336927e-01 -5.818575945e-01 2.266666667e-01
-6.792448804e-01 -6.422713857e-01 2.300000000e-01
-6.476525211e-01 -7.009910376e-01 2.333333333e-01
-6.124895316e-01 -7.577874878e-01 2.366666667e-01
-5.739021888e-01 -8.124438576e-01 2.400000000e-01
-5.320489486e-01 -8.647560954e-01 2.433333333e-01
-4.870992533e-01 -9.145335063e-01 2.466666667e-01
-4.392323377e-01 -9.615991685e-01 2.500000000e-01
-3.886360462e-01 -1.005790241e+00 2.533333333e-01
-3.355056687e-01 -1.046958171e+00 2.566666667e-01
-2.800428059e-01 -1.084968797e+00 2.600000000e-01
-2.224542702e-01 -1.119702372e+00 2.633333333e-01
-1.629510316e-01 -1.151053491e+00 2.666666667e-01
-1.017472127e-01 -1.178930957e+00 2.700000000e-01
-3.905913807e-02 -1.203257563e+00 2.733333333e-01
2.489555669e-02 -1.223969833e+00 2.766666667e-01
8.989875502e-02 -1.241017695e+00 2.800000000e-01
1.557326262e-01 -1.254364130e+00 2.833333333e-01
2.221803278e-01 -1.263984774e+00 2.866666667e-01
2.890266446e-01 -1.269867504e+00 2.900000000e-01
3.560585647e-01 -1.272011999e+00 2.933333333e-01
4.230657954e-01 -1.270429304e+00 2.966666667e-01
4.898412213e-01 -1.265141377e+00 3.000000000e-01
5.561813090e-01 -1.256180655e+00 3.033333333e-01
6.218864622e-01 -1.243589618e+00 3.066666667e-01
6.867613318e-01 -1.227420374e+00 3.100000000e-01
7.506150878e-01 -1.207734262e+00 3.133333333e-01
8.132616565e-01 -1.184601476e+00 3.166666667e-01
8.745199310e-01 -1.158100716e+00 3.200000000e-01
9.342139600e-01 -1.128318864e+00 3.233333333e-01
9.921731209e-01 -1.095350686e+00 3.266666667e-01
1.048232284e+00 -1.059298559e+00 3.300000000e-01
1.102231973e+00 -1.020272233e+00 3.333333333e-01
1.154018527e+00 -9.783886031e-01 3.366666667e-01
1.203444269e+00 -9.337715126e-01 3.400000000e-01
1.250367688e+00 -8.865515710e-01 3.433333333e-01
1.294653632e+00 -8.368659854e-01 3.466666667e-01
1.336173528e+00 -7.848584016e-01 3.500000000e-01
1.374805614e+00 -7.306787503e-01 3.533333333e-01
1.410435201e+00 -6.744830922e-01 3.566666667e-01
1.442954958e+00 -6.164334565e-01 3.600000000e-01
1.472265221e+00 -5.566976678e-01 3.633333333e-01
1.498274324e+00 -4.954491556e-01 3.666666667e-01
1.520898962e+00 -4.328667392e-01 3.700000000e-01
1.540064560e+00 -3.691343855e-01 3.733333333e-01
1.555705673e+00 -3.044409307e-01 3.766666667e-01
1.567766392e+00 -2.389797649e-01 3.800000000e-01
1.576200764e+00 -1.729484715e-01 3.833333333e-01
1.580973208e+00 -1.065484206e-01 3.866666667e-01
1.582058942e+00 -3.998431182e-02 3.900000000e-01
1.579444387e+00 2.653633616e-02 3.933333333e-01
1.573127568e+00 9.280375032e-02 3.966666667e-01
1.563118486e+00 1.586065234e-01 4.000000000e-01
1.549439465e+00 2.237322892e-01 4.033333333e-01
1.532125457e+00 2.879684529e-01 4.066666667e-01
1.511224309e+00 3.511029724e-01 4.100000000e-01
1.486796973e+00 4.129251908e-01 4.133333333e-01
1.458917659e+00 4.732267133e-01 4.166666667e-01
1.427673924e+00 5.318023258e-01 4.200000000e-01
1.393166690e+00 5.884509493e-01 4.233333333e-01
1.355510175e+00 6.429766220e-01 4.266666667e-01
1.314831755e+00 6.951895048e-01 4.300000000e-01
1.271271727e+00 7.449068991e-01 4.333333333e-01
1.224982988e+00 7.919542706e-01 4.366666667e-01
1.176130615e+00 8.361662694e-01 4.400000000e-01
1.124891355e+00 8.773877361e-01 4.433333333e-01
1.071453011e+00 9.154746850e-01 4.466666667e-01
1.016013742e+00 9.502952533e-01 4.500000000e-01
9.587812578e-01 9.817306079e-01 4.533333333e-01
8.999719330e-01 1.009675797e+00 4.566666667e-01
8.398098234e-01 1.034040537e+00 4.600000000e-01
7.785256045e-01 1.054749931e+00 4.633333333e-01
7.163554315e-01 1.071745096e+00 4.666666667e-01
6.535397286e-01 1.084983705e+00 4.700000000e-01
5.903219168e-01 1.094440429e+00 4.733333333e-01
5.269470881e-01 1.100107264e+00 4.766666667e-01
4.636606366e-01 1.101993753e+00 4.800000000e-01
4.007068569e-01 1.100127088e+00 4.833333333e-01
3.383275211e-01 1.094552078e+00 4.866666667e-01
2.767604465e-01 1.085331004e+00 4.900000000e-01
2.162380665e-01 1.072543329e+00 4.933333333e-01
1.569860164e-01 1.056285293e+00 4.966666667e-01
9.922174863e-02 1.036669369e+00 5.000000000e-01
4.315318890e-02 1.013823589e+00 5.033333333e-01
-1.102255340e-02 9.878907503e-01 5.066666667e-01
-6.312040757e-02 9.590275001e-01 5.100000000e-01
-1.129684849e-01 9.274033020e-01 5.133333333e-01
-1.604091312e-01 8.931992977e-01 5.166666667e-01
-2.052998775e-01 8.566070676e-01 5.200000000e-01
-2.475142786e-01 8.178273017e-01 5.233333333e-01
-2.869426296e-01 7.770683908e-01 5.266666667e-01
-3.234925531e-01 7.345449499e-01 5.300000000e-01
-3.570894494e-01 6.904762859e-01 5.333333333e-01
-3.876768026e-01 6.450848231e-01 5.366666667e-01
-4.152163412e-01 5.985945012e-01 5.400000000e-01
-4.396880464e-01 5.512291579e-01 5.433333333e-01
-4.610900084e-01 5.032109145e-01 5.466666667e-01
-4.794381303e-01 4.547585756e-01 5.500000000e-01
-4.947656801e-01 4.060860617e-01 5.533333333e-01
-5.071226942e-01 3.574008867e-01 5.566666667e-01
-5.165752378e-01 3.089026977e-01 5.600000000e-01
-5.232045262e-01 2.607818888e-01 5.633333333e-01
-5.271059154e-01 2.132183051e-01 5.666666667e-01
-5.283877714e-01 1.663800486e-01 5.700000000e-01
-5.271702267e-01 1.204223985e-01 5.733333333e-01
-5.235838372e-01 7.548685736e-02 5.766666667e-01
-5.177681512e-01 3.170033277e-02 5.800000000e-01
-5.098702043e-01 -1.082553667e-02 5.833333333e-01
-5.000429544e-01 -5.199490349e-02 5.866666667e-01
-4.884436729e-01 -9.172807571e-02 5.900000000e-01
-4.752323068e-01 -1.299617191e-01 5.933333333e-01
-4.605698299e-01 -1.666488947e-01 5.966666667e-01
-4.446165976e-01 -2.017589301e-01 6.000000000e-01
-4.275307241e-01 -2.352771263e-01 6.033333333e-01
-4.094664972e-01 -2.672043016e-01 6.066666667e-01
-3.905728483e-01 -2.975561757e-01 6.100000000e-01
-3.709918932e-01 -3.263626024e-01 6.133333333e-01
-3.508575585e-01 -3.536666550e-01 6.166666667e-01
-3.302943111e-01 -3.795235768e-01 6.200000000e-01
-3.094160001e-01 -4.039996038e-01 6.233333333e-01
-2.883248287e-01 -4.271706756e-01 6.266666667e-01
-2.671104635e-01 -4.491210431e-01 6.300000000e-01
-2.458492948e-01 -4.699417915e-01 6.333333333e-01
-2.246038541e-01 -4.897292912e-01 6.366666667e-01
-2.034223973e-01 -5.085835952e-01 6.400000000e-01
-1.823386589e-01 -5.266067982e-01 6.433333333e-01
-1.613717799e-01 -5.439013763e-01 6.466666667e-01
-1.405264117e-01 -5.605685253e-01 6.500000000e-01
-1.197929978e-01 -5.767065151e-01 6.533333333e-01
-9.914822833e-02 -5.924090785e-01 6.566666667e-01
-7.855566591e-02 -6.077638535e-01 6.600000000e-01
-5.796653727e-02 -6.228508960e-01 6.633333333e-01
-3.732068128e-02 -6.377412797e-01 6.666666667e-01
-1.654764621e-02 -6.524957996e-01 6.700000000e-01
4.432075472e-03 -6.671637953e-01 6.733333333e-01
2.570568640e-02 -6.817821075e-01 6.766666667e-01
4.736661351e-02 -6.963741818e-01 6.800000000e-01
6.951293874e-02 -7.109493286e-01 6.833333333e-01
9.224575297e-02 -7.255021546e-01 6.866666667e-01
1.156674443e-01 -7.400121661e-01 6.900000000e-01
1.398799459e-01 -7.544435601e-01 6.933333333e-01
1.649829538e-01 -7.687451988e-01 6.966666667e-01
1.910721455e-01 -7.828507787e-01 7.000000000e-01
2.182374051e-01 -7.966791865e-01 7.033333333e-01
2.465610887e-01 -8.101350489e-01 7.066666667e-01
2.761163425e-01 -8.231094678e-01 7.100000000e-01
3.069654840e-01 -8.354809319e-01 7.133333333e-01
3.391584944e-01 -8.471164125e-01 7.166666667e-01
3.727315997e-01 -8.578726132e-01 7.200000000e-01
4.077059987e-01 -8.675973827e-01 7.233333333e-01
4.440867047e-01 -8.761312571e-01 7.266666667e-01
4.818615945e-01 -8.833091453e-01 7.300000000e-01
5.210005656e-01 -8.889621049e-01 7.333333333e-01
5.614549309e-01 -8.929192280e-01 7.366666667e-01
6.031569645e-01 -8.950095907e-01 7.400000000e-01
6.460196908e-01 -8.950642647e-01 7.433333333e-01
6.899368304e-01 -8.929183588e-01 7.466666667e-01
7.347829937e-01 -8.884130767e-01 7.500000000e-01
7.804140817e-01 -8.813977657e-01 7.533333333e-01
8.266678807e-01 -8.717319369e-01 7.566666667e-01
8.733648849e-01 -8.592872343e-01 7.600000000e-01
9.203093019e-01 -8.439493352e-01 7.633333333e-01
9.672903000e-01 -8.256197472e-01 7.666666667e-01
1.014083386e+00 -8.042175070e-01 7.700000000e-01
1.060452013e+00 -7.796807310e-01 7.733333333e-01
1.106149317e+00 -7.519680300e-01 7.766666667e-01
1.150920024e+00 -7.210597445e-01 7.800000000e-01
1.194502483e+00 -6.869590045e-01 7.833333333e-01
1.236630818e+00 -6.496925884e-01 7.866666667e-01
1.277037174e+00 -6.093115760e-01 7.900000000e-01
1.315454043e+00 -5.658917791e-01 7.933333333e-01
1.351616639e+00 -5.195339498e-01 7.966666667e-01
1.385265311e+00 -4.703637520e-01 8.000000000e-01
1.416147958e+00 -4.185314981e-01 8.033333333e-01
1.444022438e+00 -3.642116488e-01 8.066666667e-01
1.468658933e+00 -3.076020727e-01 8.100000000e-01
1.489842252e+00 -2.489230773e-01 8.133333333e-01
1.507374056e+00 -1.884162079e-01 8.166666667e-01
1.521074969e+00 -1.263428307e-01 8.200000000e-01
1.530786563e+00 -6.298250287e-02 8.233333333e-01
1.536373199e+00 1.368852127e-03 8.266666667e-01
1.537723687e+00 6.640095437e-02 8.300000000e-01
1.534752775e+00 1.317913430e-01 8.333333333e-01
1.527402418e+00 1.972077019e-01 8.366666667e-01
1.515642844e+00 2.623103129e-01 8.400000000e-01
1.499473379e+00 3.267546190e-01 8.433333333e-01
1.478923037e+00 3.901938727e-01 8.466666667e-01
1.454050854e+00 4.522818471e-01 8.500000000e-01
1.424945971e+00 5.126755850e-01 8.533333333e-01
1.391727452e+00 5.710381617e-01 8.566666667e-01
1.354543850e+00 6.270414368e-01 8.600000000e-01
1.313572499e+00 6.803687688e-01 8.633333333e-01
1.269018565e+00 7.307176688e-01 8.666666667e-01
1.221113831e+00 7.778023685e-01 8.700000000e-01
1.170115251e+00 8.213562770e-01 8.733333333e-01
1.116303265e+00 8.611343055e-01 8.766666667e-01
1.059979897e+00 8.969150356e-01 8.800000000e-01
1.001466649e+00 9.285027115e-01 8.833333333e-01
9.411022101e-01 9.557290370e-01 8.866666667e-01
8.792399916e-01 9.784547576e-01 8.900000000e-01
8.162455202e-01 9.965710141e-01 8.933333333e-01
7.524937034e-01 1.010000453e+00 8.966666667e-01
6.883659921e-01 1.018698083e+00 9.000000000e-01
6.242474666e-01 1.022651865e+00 9.033333333e-01
5.605238684e-01 1.021883036e+00 9.066666667e-01
4.975786049e-01 1.016446154e+00 9.100000000e-01
4.357897532e-01 1.006428864e+00 9.133333333e-01
3.755270886e-01 9.919513951e-01 9.166666667e-01
3.171491645e-01 9.731657703e-01 9.200000000e-01
2.610004698e-01 9.502547603e-01 9.233333333e-01
2.074086875e-01 9.234305698e-01 9.266666667e-01
1.566820811e-01 8.929332758e-01 9.300000000e-01
1.091070296e-01 8.590290271e-01 9.333333333e-01
6.494573476e-02 8.220080222e-01 9.366666667e-01
2.443412019e-02 7.821822805e-01 9.400000000e-01
-1.222005810e-02 7.398832256e-01 9.433333333e-01
-4.483887511e-02 6.954591040e-01 9.466666667e-01
-7.327565666e-02 6.492722568e-01 9.500000000e-01
-9.741614433e-02 6.016962711e-01 9.533333333e-01
-1.171793950e-01 5.531130333e-01 9.566666667e-01
-1.325184069e-01 5.039097116e-01 9.600000000e-01
-1.434204660e-01 4.544756919e-01 9.633333333e-01
-1.499072116e-01 4.051994941e-01 9.666666667e-01
-1.520344189e-01 3.564656958e-01 9.700000000e-01
-1.498915004e-01 3.086518880e-01 9.733333333e-01
-1.436007318e-01 2.621256908e-01 9.766666667e-01
-1.333162086e-01 2.172418538e-01 9.800000000e-01
-1.192225419e-01 1.743394648e-01 9.833333333e-01
-1.015333070e-01 1.337392932e-01 9.866666667e-01
-8.048925746e-02 9.574128662e-02 9.900000000e-01
-5.635631976e-02 6.062224492e-02 9.933333333e-01
-2.942338742e-02 2.863368987e-02 9.966666667e-01
6.687996658e-08 -5.260894438e-08 1.000000000e+00


0.000000000e+00 0.000000000e+00 0.000000000e+00
3.159318784e-02 -2.637734131e-02 2.500000000e-03
6.501853851e-02 -4.942023955e-02 5.000000000e-03
9.998898801e-02 -6.899948364e-02 7.500000000e-03
1.362084228e-01 -8.500932098e-02 1.000000000e-02
1.733736045e-01 -9.736805174e-02 1.250000000e-02
2.111760874e-01 -1.060185104e-01 1.500000000e-02
2.493041980e-01 -1.109283817e-01 1.750000000e-02
2.874450039e-01 -1.120903547e-01 2.000000000e-02
3.252863192e-01 -1.095221188e-01 2.250000000e-02
3.625186653e-01 -1.032662017e-01 2.500000000e-02
3.988372484e-01 -9.338964574e-02 2.750000000e-02
4.339438624e-01 -7.998353555e-02 3.000000000e-02
4.675487852e-01 -6.316236466e-02 3.250000000e-02
4.993725760e-01 -4.306326735e-02 3.500000000e-02
5.291478403e-01 -1.984509395e-02 3.750000000e-02
5.566208772e-01 6.312631968e-03 4.000000000e-02
5.815532658e-01 3.521090200e-02 4.250000000e-02
6.037233231e-01 6.663251312e-02 4.500000000e-02
6.229274707e-01 1.003434843e-01 4.750000000e-02
6.389814668e-01 1.360945611e-01 5.000000000e-02
6.517215212e-01 1.736228193e-01 5.250000000e-02
6.610052702e-01 2.126533444e-01 5.500000000e-02
6.667126145e-01 2.529009776e-01 5.750000000e-02
6.687464133e-01 2.940721257e-01 6.000000000e-02
6.670330284e-01 3.358666027e-01 6.250000000e-02
6.615227206e-01 3.779795206e-01 6.500000000e-02
6.521898918e-01 4.201031787e-01 6.750000000e-02
6.390331756e-01 4.619289855e-01 7.000000000e-02
6.220753760e-01 5.031493461e-01 7.250000000e-02
6.013632535e-01 5.434595648e-01 7.500000000e-02
5.769671676e-01 5.825596827e-01 7.750000000e-02
5.489805672e-01 6.201563117e-01 8.000000000e-02
5.175193514e-01 6.559643770e-01 8.250000000e-02
4.827210822e-01 6.897088340e-01 8.500000000e-02
4.447440841e-01 7.211262755e-01 8.750000000e-02
4.037664050e-01 7.499664877e-01 9.000000000e-02
3.599846815e-01 7.759938843e-01 9.250000000e-02
3.136128807e-01 7.989888638e-01 9.500000000e-02
2.648809622e-01 8.187490381e-01 9.750000000e-02
2.140334406e-01 8.350903602e-01 1.000000000e-01
1.613278800e-01 8.478481198e-01 1.025000000e-01
1.070333185e-01 8.568778184e-01 1.050000000e-01
5.142863696e-02 8.620559108e-01 1.075000000e-01
-5.199110714e-03 8.632804120e-01 1.100000000e-01
-6.255641074e-02 8.604713701e-01 1.125000000e-01
-1.203450088e-01 8.535711987e-01 1.150000000e-01
-1.782636594e-01 8.425448737e-01 1.175000000e-01
-2.360098508e-01 8.273799907e-01 1.200000000e-01
-2.932815445e-01 8.080866874e-01 1.225000000e-01
-3.497788626e-01 7.846974333e-01 1.250000000e-01
-4.052057737e-01 7.572666860e-01 1.275000000e-01
-4.592717021e-01 7.258704272e-01 1.300000000e-01
-5.116931180e-01 6.906055685e-01 1.325000000e-01
-5.621950319e-01 6.515892537e-01 1.350000000e-01
-6.105124506e-01 6.089580369e-01 1.375000000e-01
-6.563917255e-01 5.628669749e-01 1.400000000e-01
-6.995918403e-01 5.134886082e-01 1.425000000e-01
-7.398855855e-01 4.610118703e-01 1.450000000e-01
-7.770606517e-01 4.056409056e-01 1.475000000e-01
-8.109206069e-01 3.475938292e-01 1.500000000e-01
-8.412857757e-01 2.871014173e-01 1.525000000e-01
-8.679940025e-01 2.244057524e-01 1.550000000e-01
-8.909013035e-01 1.597588257e-01 1.575000000e-01
-9.098824049e-01 9.342110433e-02 1.600000000e-01
-9.248311623e-01 2.566008454e-02 1.625000000e-01
-9.356608675e-01 -4.325118045e-02 1.650000000e-01
-9.423044380e-01 -1.130355392e-01 1.675000000e-01
-9.447144934e-01 -1.834132146e-01 1.700000000e-01
-9.428633215e-01 -2.541032395e-01 1.725000000e-01
-9.367427332e-01 -3.248248925e-01 1.750000000e-01
-9.263638165e-01 -3.952990767e-01 1.775000000e-01
-9.117565849e-01 -4.652496853e-01 1.800000000e-01
-8.929695359e-01 -5.344048936e-01 1.825000000e-01
-8.700691119e-01 -6.024984236e-01 1.850000000e-01
-8.431390854e-01 -6.692707229e-01 1.875000000e-01
-8.122798553e-01 -7.344701029e-01 1.900000000e-01
-7.776076830e-01 -7.978537836e-01 1.925000000e-01
-7.392538518e-01 -8.591888830e-01 1.950000000e-01
-6.973637803e-01 -9.182533125e-01 1.975000000e-01
-6.520960756e-01 -9.748366016e-01 2.000000000e-01
-6.036215504e-01 -1.028740632e+00 2.025000000e-01
-5.521222013e-01 -1.079780288e+00 2.050000000e-01
-4.977901602e-01 -1.127784023e+00 2.075000000e-01
-4.408266269e-01 -1.172594334e+00 2.100000000e-01
-3.814407838e-01 -1.214068154e+00 2.125000000e-01
-3.198487130e-01 -1.252077152e+00 2.150000000e-01
-2.562723028e-01 -1.286507962e+00 2.175000000e-01
-1.909381759e-01 -1.317262310e+00 2.200000000e-01
-1.240766152e-01 -1.344257081e+00 2.225000000e-01
-5.592052747e-02 -1.367424298e+00 2.250000000e-01
1.329558729e-02 -1.386711028e+00 2.275000000e-01
8.333661558e-02 -1.402079225e+00 2.300000000e-01
1.539677958e-01 -1.413505502e+00 2.325000000e-01
2.249556241e-01 -1.420980849e+00 2.350000000e-01
2.960687371e-01 -1.424510285e+00 2.375000000e-01
3.670787302e-01 -1.424112471e+00 2.400000000e-01
4.377609441e-01 -1.419819271e+00 2.425000000e-01
5.078951860e-01 -1.411675272e+00 2.450000000e-01
5.772664108e-01 -1.399737272e+00 2.475000000e-01
6.456653402e-01 -1.384073740e+00 2.500000000e-01
7.128890333e-01 -1.364764243e+00 2.525000000e-01
7.787414008e-01 -1.341898863e+00 2.550000000e-01
8.430336669e-01 -1.315577594e+00 2.575000000e-01
9.055847786e-01 -1.285909728e+00 2.600000000e-01
9.662217625e-01 -1.253013246e+00 2.625000000e-01
1.024780034e+00 -1.217014188e+00 2.650000000e-01
1.081103657e+00 -1.178046050e+00 2.675000000e-01
1.135045558e+00 -1.136249166e+00 2.700000000e-01
1.186467701e+00 -1.091770117e+00 2.725000000e-01
1.235241217e+00 -1.044761138e+00 2.750000000e-01
1.281246500e+00 -9.953795545e-01 2.775000000e-01
1.324373267e+00 -9.437872207e-01 2.800000000e-01
1.364520593e+00 -8.901499947e-01 2.825000000e-01
1.401596908e+00 -8.346372174e-01 2.850000000e-01
1.435519980e+00 -7.774212267e-01 2.875000000e-01
1.466216872e+00 -7.186768824e-01 2.900000000e-01
1.493623883e+00 -6.585811236e-01 2.925000000e-01
1.517686472e+00 -5.973125395e-01 2.950000000e-01
1.538359177e+00 -5.350509692e-01 2.975000000e-01
1.555605517e+00 -4.719771168e-01 3.000000000e-01
1.569397893e+00 -4.082721900e-01 3.025000000e-01
1.579717482e+00 -3.441175553e-01 3.050000000e-01
1.586554134e+00 -2.796944105e-01 3.075000000e-01
1.589906264e+00 -2.151834727e-01 3.100000000e-01
1.589780749e+00 -1.507646781e-01 3.125000000e-01
1.586192826e+00 -8.661689486e-02 3.150000000e-01
1.579165992e+00 -2.291764206e-02 3.175000000e-01
1.568731914e+00 4.015718150e-02 3.200000000e-01
1.554930336e+00 1.024335680e-01 3.225000000e-01
1.537808999e+00 1.637396648e-01 3.250000000e-01
1.517423555e+00 2.239060439e-01 3.275000000e-01
1.493837491e+00 2.827659675e-01 3.300000000e-01
1.467122056e+00 3.401556641e-01 3.325000000e-01
1.437356182e+00 3.959146041e-01 3.350000000e-01
1.404626412e+00 4.498857892e-01 3.375000000e-01
1.369026822e+00 5.019160441e-01 3.400000000e-01
1.330658936e+00 5.518563241e-01 3.425000000e-01
1.289631643e+00 5.995620287e-01 3.450000000e-01
1.246061094e+00 6.448933301e-01 3.475000000e-01
1.200070597e+00 6.877155104e-01 3.500000000e-01
1.151790493e+00 7.278993123e-01 3.525000000e-01
1.101358020e+00 7.653212999e-01 3.550000000e-01
1.048917154e+00 7.998642298e-01 3.575000000e-01
9.946184299e-01 8.314174324e-01 3.600000000e-01
9.386187443e-01 8.598771993e-01 3.625000000e-01
8.810811238e-01 8.851471795e-01 3.650000000e-01
8.221744728e-01 9.071387769e-01 3.675000000e-01
7.620732865e-01 9.257715527e-01 3.700000000e-01
7.009573370e-01 9.409736236e-01 3.725000000e-01
6.390113212e-01 9.526820610e-01 3.750000000e-01
5.764244805e-01 9.608432780e-01 3.775000000e-01
5.133901785e-01 9.654134134e-01 3.800000000e-01
4.501054514e-01 9.663586950e-01 3.825000000e-01
3.867705135e-01 9.636557934e-01 3.850000000e-01
3.235882364e-01 9.572921490e-01 3.875000000e-01
2.607635834e-01 9.472662807e-01 3.900000000e-01
1.985030198e-01 9.335880610e-01 3.925000000e-01
1.370138801e-01 9.162789656e-01 3.950000000e-01
7.650371382e-02 8.953722818e-01 3.975000000e-01
1.717959290e-02 8.709132836e-01 4.000000000e-01
-4.075259961e-02 8.429593606e-01 4.025000000e-01
-9.708891052e-02 8.115801036e-01 4.050000000e-01
-1.516280750e-01 7.768573416e-01 4.075000000e-01
-2.041722930e-01 7.388851270e-01 4.100000000e-01
-2.545280205e-01 6.977696676e-01 4.125000000e-01
-3.025067663e-01 6.536292031e-01 4.150000000e-01
-3.479258997e-01 6.065938226e-01 4.175000000e-01
-3.906094502e-01 5.568052259e-01 4.200000000e-01
-4.303889130e-01 5.044164202e-01 4.225000000e-01
-4.671040329e-01 4.495913623e-01 4.250000000e-01
-5.006035873e-01 3.925045323e-01 4.275000000e-01
-5.307461347e-01 3.333404556e-01 4.300000000e-01
-5.574007545e-01 2.722931550e-01 4.325000000e-01
-5.804477399e-01 2.095655555e-01 4.350000000e-01
-5.997792726e-01 1.453688195e-01 4.375000000e-01
-6.153000418e-01 7.992164139e-02 4.400000000e-01
-6.269278323e-01 1.344947464e-02 4.425000000e-01
-6.345940511e-01 -5.381627489e-02 4.450000000e-01
-6.382442101e-01 -1.216391154e-01 4.475000000e-01
-6.378383429e-01 -1.897783652e-01 4.500000000e-01
-6.333513650e-01 -2.579900959e-01 4.525000000e-01
-6.247733659e-01 -3.260281015e-01 4.550000000e-01
-6.121098335e-01 -3.936448992e-01 4.575000000e-01
-5.953818076e-01 -4.605927520e-01 4.600000000e-01
-5.746259595e-01 -5.266247059e-01 4.625000000e-01
-5.498945965e-01 -5.914956440e-01 4.650000000e-01
-5.212555907e-01 -6.549633374e-01 4.675000000e-01
-4.887922287e-01 -7.167895063e-01 4.700000000e-01
-4.526029867e-01 -7.767408614e-01 4.725000000e-01
-4.128012242e-01 -8.345901470e-01 4.750000000e-01
-3.695148068e-01 -8.901171481e-01 4.775000000e-01
-3.228856465e-01 -9.431096907e-01 4.800000000e-01
-2.730691780e-01 -9.933645912e-01 4.825000000e-01
-2.202337528e-01 -1.040688588e+00 4.850000000e-01
-1.645599779e-01 -1.084899212e+00 4.875000000e-01
-1.062399758e-01 -1.125825625e+00 4.900000000e-01
-4.547659860e-02 -1.163309390e+00 4.925000000e-01
1.751742997e-02 -1.197205196e+00 4.950000000e-01
8.252041009e-02 -1.227381508e+00 4.975000000e-01
1.493026213e-01 -1.253721164e+00 5.000000000e-01
2.176273088e-01 -1.276121886e+00 5.025000000e-01
2.872517139e-01 -1.294496729e+00 5.050000000e-01
3.579281297e-01 -1.308774451e+00 5.075000000e-01
4.294049820e-01 -1.318899797e+00 5.100000000e-01
5.014279301e-01 -1.324833717e+00 5.125000000e-01
5.737409733e-01 -1.326553490e+00 5.150000000e-01
6.460875713e-01 -1.324052768e+00 5.175000000e-01
7.182117500e-01 -1.317341550e+00 5.200000000e-01
7.898592151e-01 -1.306446055e+00 5.225000000e-01
8.607784330e-01 -1.291408533e+00 5.250000000e-01
9.307217102e-01 -1.272286986e+00 5.275000000e-01
9.994462255e-01 -1.249154819e+00 5.300000000e-01
1.066715050e+00 -1.222100410e+00 5.325000000e-01
1.132298108e+00 -1.191226620e+00 5.350000000e-01
1.195973114e+00 -1.156650223e+00 5.375000000e-01
1.257526443e+00 -1.118501286e+00 5.400000000e-01
1.316753963e+00 -1.076922478e+00 5.425000000e-01
1.373461797e+00 -1.032068337e+00 5.450000000e-01
1.427467032e+00 -9.841044768e-01 5.475000000e-01
1.478598361e+00 -9.332067596e-01 5.500000000e-01
1.526696660e+00 -8.795604245e-01 5.525000000e-01
1.571615486e+00 -8.233591884e-01 5.550000000e-01
1.613221519e+00 -7.648043173e-01 5.575000000e-01
1.651394920e+00 -7.041036787e-01 5.600000000e-01
1.686029616e+00 -6.414707817e-01 5.625000000e-01
1.717033520e+00 -5.771238039e-01 5.650000000e-01
1.744328668e+00 -5.112846242e-01 5.675000000e-01
1.767851292e+00 -4.441778487e-01 5.700000000e-01
1.787551815e+00 -3.760298593e-01 5.725000000e-01
1.803394784e+00 -3.070678618e-01 5.750000000e-01
1.815358729e+00 -2.375189715e-01 5.775000000e-01
1.823435964e+00 -1.676093063e-01 5.800000000e-01
1.827632328e+00 -9.756312759e-02 5.825000000e-01
1.827966859e+00 -2.760199826e-02 5.850000000e-01
1.824471428e+00 4.205600380e-02 5.875000000e-01
1.817190311e+00 1.111970468e-01 5.900000000e-01
1.806179731e+00 1.796122450e-01 5.925000000e-01
1.791507339e+00 2.470983258e-01 5.950000000e-01
1.773251682e+00 3.134582330e-01 5.975000000e-01
1.751501626e+00 3.785016893e-01 6.000000000e-01
1.726355756e+00 4.420456971e-01 6.025000000e-01
1.697921757e+00 5.039149912e-01 6.050000000e-01
1.666315781e+00 5.639424330e-01 6.075000000e-01
1.631661800e+00 6.219693521e-01 6.100000000e-01
1.594090954e+00 6.778458342e-01 6.125000000e-01
1.553740899e+00 7.314309547e-01 6.150000000e-01
1.510755157e+00 7.825929630e-01 6.175000000e-01
1.465282476e+00 8.312094150e-01 6.200000000e-01
1.417476198e+00 8.771672596e-01 6.225000000e-01
1.367493645e+00 9.203628800e-01 6.250000000e-01
1.315495521e+00 9.607020919e-01 6.275000000e-01
1.261645340e+00 9.981001049e-01 6.300000000e-01
1.206108874e+00 1.032481445e+00 6.325000000e-01
1.149053631e+00 1.063779849e+00 6.350000000e-01
1.090648359e+00 1.091938125e+00 6.375000000e-01
1.031062582e+00 1.116907996e+00 6.400000000e-01
9.704661641e-01 1.138649912e+00 6.425000000e-01
9.090289090e-01 1.157132856e+00 6.450000000e-01
8.469201881e-01 1.172334128e+00 6.475000000e-01
7.843086032e-01 1.184239126e+00 6.500000000e-01
7.213616764e-01 1.192841115e+00 6.525000000e-01
6.582455734e-01 1.198141003e+00 6.550000000e-01
5.951248532e-01 1.200147103e+00 6.575000000e-01
5.321622461e-01 1.198874915e+00 6.600000000e-01
4.695184554e-01 1.194346905e+00 6.625000000e-01
4.073519823e-01 1.186592296e+00 6.650000000e-01
3.458189712e-01 1.175646872e+00 6.675000000e-01
2.850730710e-01 1.161552792e+00 6.700000000e-01
2.252653124e-01 1.144358422e+00 6.725000000e-01
1.665439947e-01 1.124118183e+00 6.750000000e-01
1.090545827e-01 1.100892415e+00 6.775000000e-01
5.293960629e-02 1.074747256e+00 6.800000000e-01
-1.661436033e-03 1.045754542e+00 6.825000000e-01
-5.461217707e-02 1.013991721e+00 6.850000000e-01
-1.057794835e-01 9.795417865e-01 6.875000000e-01
-1.550335680e-01 9.424932194e-01 6.900000000e-01
-2.022481094e-01 9.029399487e-01 6.925000000e-01
-2.473003884e-01 8.609813206e-01 6.950000000e-01
-2.900714356e-01 8.167220768e-01 6.975000000e-01
-3.304461995e-01 7.702723398e-01 7.000000000e-01
-3.683137316e-01 7.217476009e-01 7.025000000e-01
-4.035673938e-01 6.712687091e-01 7.050000000e-01
-4.361050855e-01 6.189618568e-01 7.075000000e-01
-4.658294943e-01 5.649585600e-01 7.100000000e-01
-4.926483692e-01 5.093956277e-01 7.125000000e-01
-5.164748147e-01 4.524151190e-01 7.150000000e-01
-5.372276092e-01 3.941642822e-01 7.175000000e-01
-5.548315409e-01 3.347954748e-01 7.200000000e-01
-5.692177668e-01 2.744660569e-01 7.225000000e-01
-5.803241849e-01 2.133382606e-01 7.250000000e-01
-5.880958261e-01 1.515790243e-01 7.275000000e-01
-5.924852532e-01 8.935979778e-02 7.300000000e-01
-5.934529761e-01 2.685630566e-02 7.325000000e-01
-5.909678640e-01 -3.575172321e-02 7.350000000e-01
-5.850075698e-01 -9.828087347e-02 7.375000000e-01
-5.755589421e-01 -1.605443979e-01 7.400000000e-01
-5.626184409e-01 -2.223526237e-01 7.425000000e-01
-5.461925326e-01 -2.835133971e-01 7.450000000e-01
-5.262980780e-01 -3.438325823e-01 7.475000000e-01
-5.029626924e-01 -4.031145979e-01 7.500000000e-01
-4.762250852e-01 -4.611630077e-01 7.525000000e-01
-4.461353649e-01 -5.177811495e-01 7.550000000e-01
-4.127553112e-01 -5.727728123e-01 7.575000000e-01
-3.761586039e-01 -6.259429515e-01 7.600000000e-01
-3.364310073e-01 -6.770984443e-01 7.625000000e-01
-2.936705039e-01 -7.260488823e-01 7.650000000e-01
-2.479873723e-01 -7.726073919e-01 7.675000000e-01
-1.995042072e-01 -8.165914899e-01 7.700000000e-01
-1.483558751e-01 -8.578239532e-01 7.725000000e-01
-9.468940281e-02 -8.961337186e-01 7.750000000e-01
-3.866379874e-02 -9.313567823e-01 7.775000000e-01
1.955020292e-02 -9.633371222e-01 7.800000000e-01
7.977046696e-02 -9.919276042e-01 7.825000000e-01
1.418038652e-01 -1.016990902e+00 7.850000000e-01
2.054467538e-01 -1.038400385e+00 7.875000000e-01
2.704855378e-01 -1.056041008e+00 7.900000000e-01
3.366973032e-01 -1.069810158e+00 7.925000000e-01
4.038505371e-01 -1.079618478e+00 7.950000000e-01
4.717059113e-01 -1.085390648e+00 7.975000000e-01
5.400171521e-01 -1.087066120e+00 8.000000000e-01
6.085319679e-01 -1.084599796e+00 8.025000000e-01
6.769930554e-01 -1.077962650e+00 8.050000000e-01
7.451391604e-01 -1.067142281e+00 8.075000000e-01
8.127062022e-01 -1.052143389e+00 8.100000000e-01
8.794284486e-01 -1.032988175e+00 8.125000000e-01
9.450397378e-01 -1.009716657e+00 8.150000000e-01
1.009274745e+00 -9.823868947e-01 8.175000000e-01
1.071870273e+00 -9.510751156e-01 8.200000000e-01
1.132566585e+00 -9.158757488e-01 8.225000000e-01
1.191108735e+00 -8.769013534e-01 8.250000000e-01
1.247247932e+00 -8.342824419e-01 8.275000000e-01
1.300742881e+00 -7.881671995e-01 8.300000000e-01
1.351361138e+00 -7.387210907e-01 8.325000000e-01
1.398880432e+00 -6.861263647e-01 8.350000000e-01
1.443089980e+00 -6.305814423e-01 8.375000000e-01
1.483791742e+00 -5.723002087e-01 8.400000000e-01
1.520801661e+00 -5.115111854e-01 8.425000000e-01
1.553950824e+00 -4.484566164e-01 8.450000000e-01
1.583086580e+00 -3.833914374e-01 8.475000000e-01
1.608073578e+00 -3.165821676e-01 8.500000000e-01
1.628794728e+00 -2.483056952e-01 8.525000000e-01
1.645152075e+00 -1.788479925e-01 8.550000000e-01
1.657067582e+00 -1.085027429e-01 8.575000000e-01
1.664483804e+00 -3.756990382e-02 8.600000000e-01
1.667364460e+00 3.364579499e-02 8.625000000e-01
1.665694890e+00 1.048364099e-01 8.650000000e-01
1.659482391e+00 1.756923802e-01 8.675000000e-01
1.648756430e+00 2.459041716e-01 8.700000000e-01
1.633568733e+00 3.151639300e-01 8.725000000e-01
1.613993236e+00 3.831671712e-01 8.750000000e-01
1.590125915e+00 4.496144505e-01 8.775000000e-01
1.562084471e+00 5.142130551e-01 8.800000000e-01
1.530007894e+00 5.766786488e-01 8.825000000e-01
1.494055882e+00 6.367369211e-01 8.850000000e-01
1.454408140e+00 6.941251648e-01 8.875000000e-01
1.411263542e+00 7.485938371e-01 8.900000000e-01
1.364839178e+00 7.999080276e-01 8.925000000e-01
1.315369265e+00 8.478488870e-01 8.950000000e-01
1.263103965e+00 8.922149462e-01 8.975000000e-01
1.208308072e+00 9.328233706e-01 9.000000000e-01
1.151259615e+00 9.695110929e-01 9.025000000e-01
1.092248355e+00 1.002135855e+00 9.050000000e-01
1.031574205e+00 1.030577121e+00 9.075000000e-01
9.695455680e-01 1.054736876e+00 9.100000000e-01
9.064776130e-01 1.074540289e+00 9.125000000e-01
8.426904948e-01 1.089936241e+00 9.150000000e-01
7.785075242e-01 1.100897719e+00 9.175000000e-01
7.142533168e-01 1.107422054e+00 9.200000000e-01
6.502519021e-01 1.109531023e+00 9.225000000e-01
5.868248460e-01 1.107270796e+00 9.250000000e-01
5.242893493e-01 1.100711733e+00 9.275000000e-01
4.629563912e-01 1.089948036e+00 9.300000000e-01
4.031288667e-01 1.075097239e+00 9.325000000e-01
3.450997988e-01 1.056299572e+00 9.350000000e-01
2.891505659e-01 1.033717156e+00 9.375000000e-01
2.355492283e-01 1.007533085e+00 9.400000000e-01
1.845488937e-01 9.779503462e-01 9.425000000e-01
1.363862027e-01 9.451906386e-01 9.450000000e-01
9.127987844e-02 9.094930446e-01 9.475000000e-01
4.942940999e-02 8.711126120e-01 9.500000000e-01
1.101382761e-02 8.303188086e-01 9.525000000e-01
-2.380937988e-02 7.873939014e-01 9.550000000e-01
-5.490523001e-02 7.426312337e-01 9.575000000e-01
-8.216206438e-02 6.963334404e-01 9.600000000e-01
-1.054922274e-01 6.488105925e-01 9.625000000e-01
-1.248325936e-01 6.003782920e-01 9.650000000e-01
-1.401449424e-01 5.513557319e-01 9.675000000e-01
-1.514161770e-01 5.020637193e-01 9.700000000e-01
-1.586583851e-01 4.528227015e-01 9.725000000e-01
-1.619087402e-01 4.039507682e-01 9.750000000e-01
-1.612292462e-01 3.557616939e-01 9.775000000e-01
-1.567063207e-01 3.085629738e-01 9.800000000e-01
-1.484502301e-01 2.626539311e-01 9.825000000e-01
-1.365943630e-01 2.183238394e-01 9.850000000e-01
-1.212943705e-01 1.758501442e-01 9.875000000e-01
-1.027271474e-01 1.354967220e-01 9.900000000e-01
-8.108969898e-02 9.751226096e-02 9.925000000e-01
-5.659785674e-02 6.212870411e-02 9.950000000e-01
-2.948489976e-02 2.955983078e-02 9.975000000e-01
-3.995962858e-08 -7.405764273e-08 1.000000000e+00


