0.000000000000000000e+00 9.996888838205963967e-01 9.915086481538916141e-01 5.185211926623373158e-01 6.051408605559968068e-01 5.717094171515197942e-01
1.000000000000000021e-02 9.991793274455355034e-01 9.915715863786273010e-01 4.927760184772521090e-01 5.759727075847896893e-01 5.431352455307294491e-01
2.000000000000000042e-02 9.984292096784518344e-01 9.917328434260163084e-01 4.714852128434794398e-01 5.539787730968399604e-01 5.246477670589476672e-01
2.999999999999999889e-02 9.974409522036816744e-01 9.919888985158468175e-01 4.557948711783475493e-01 5.405874008222817384e-01 5.182443681924484569e-01
4.000000000000000083e-02 9.962177532399150159e-01 9.923341464352108954e-01 4.467038151358969644e-01 5.366765904328147929e-01 5.247443825980295795e-01
5.000000000000000278e-02 9.947635835485150180e-01 9.927609984649424790e-01 4.448919895401593494e-01 5.423658568846839723e-01 5.435149315887241039e-01
5.999999999999999778e-02 9.930831813669674935e-01 9.932600185308755325e-01 4.505786477693978220e-01 5.569832744480025521e-01 5.726888412428285946e-01
7.000000000000000666e-02 9.911820462009909294e-01 9.938200917257843381e-01 4.634753491182931340e-01 5.792305197639059378e-01 6.097140241024456842e-01
8.000000000000000167e-02 9.890664313954435904e-01 9.944286217378314197e-01 4.828573299237784999e-01 6.074595498988119013e-01 6.519030237306749909e-01
8.999999999999999667e-02 9.867433353906569504e-01 9.950717532238331220e-01 5.077156035592504946e-01 6.399405467669166958e-01 6.967849055558813509e-01
1.000000000000000056e-01 9.842204915572634327e-01 9.957346147903823885e-01 5.369226572288200439e-01 6.750484829161207401e-01 7.422548480766898438e-01
1.100000000000000006e-01 9.815063564890477155e-01 9.964015779961076236e-01 5.693613206993104470e-01 7.113593047009911796e-01 7.865988384518327603e-01
1.199999999999999956e-01 9.786100966199597906e-01 9.970565276612659567e-01 6.040011346918789936e-01 7.476806417404341376e-01 8.284638075048338379e-01
1.300000000000000044e-01 9.755415730183636391e-01 9.976831387583527944e-01 6.399308575363176210e-01 7.830462826971612555e-01 8.668131136534690251e-01
1.400000000000000133e-01 9.723113241990698485e-01 9.982651552470486189e-01 6.763632895572257997e-01 8.166953054660750499e-01 9.008841791270565391e-01
1.499999999999999944e-01 9.689305467819866458e-01 9.987866663932265521e-01 7.126262510194923960e-01 8.480474372799048366e-01 9.301530292444781800e-01
1.600000000000000033e-01 9.654110738156932436e-01 9.992323763578065954e-01 7.481485545880901533e-01 8.766798289335968608e-01 9.543055261619809437e-01
1.700000000000000122e-01 9.617653505752564724e-01 9.995878631393689817e-01 7.824456215248930535e-01 9.023069191466279726e-01 9.732135716442819051e-01
1.799999999999999933e-01 9.580064076367037496e-01 9.998398232876998248e-01 8.151067416566364354e-01 9.247634297990799945e-01 9.869144296436078712e-01
1.900000000000000022e-01 9.541478310262371254e-01 9.999762991584378868e-01 8.457845608895792067e-01 9.439899035230142621e-01 9.955916507791783276e-01
2.000000000000000111e-01 9.502037292411895653e-01 9.999868858385205783e-01 8.741867250810311241e-01 9.600200399801157580e-01 9.995564952014167615e-01
2.099999999999999922e-01 9.461886969425233884e-01 9.998629152277134224e-01 9.000693614533019637e-01 9.729691278504430940e-01 9.992291247531321918e-01
2.200000000000000011e-01 9.421177751261284872e-01 9.995976151054847270e-01 9.232320260012734092e-01 9.830229764944308224e-01 9.951191453705285905e-01
2.300000000000000100e-01 9.380064075930377721e-01 9.991862413402363696e-01 9.435137745781918550e-01 9.904268719695319412e-01 9.878053363786263308e-01
2.399999999999999911e-01 9.338703935577382653e-01 9.986261817075084979e-01 9.607900716814534725e-01 9.954742011839716742e-01 9.779146236326827779e-01
2.500000000000000000e-01 9.297258362597893289e-01 9.979170300760269452e-01 9.749703101214245438e-01 9.984945064966406214e-01 9.661005555781002618e-01
2.600000000000000089e-01 9.255890874776895316e-01 9.970606299983195697e-01 9.859957674404715711e-01 9.998408579902201554e-01 9.530217353100080002e-01
2.700000000000000178e-01 9.214766878859594890e-01 9.960610870109881665e-01 9.938378686911009119e-01 9.998765688725992362e-01 9.393208461282523958e-01
2.800000000000000266e-01 9.174053032472322400e-01 9.949247492148914906e-01 9.984966603493679038e-01 9.989614336759589097e-01 9.256050662887888025e-01
2.899999999999999800e-01 9.133916564910019575e-01 9.936601559747536561e-01 9.999994280714848971e-01 9.974378341986774865e-01 9.124287680321874205e-01
2.999999999999999889e-01 9.094524557995834479e-01 9.922779548587654652e-01 9.983994131977539377e-01 9.956172197564734372e-01 9.002793929280447083e-01
3.099999999999999978e-01 9.056043188994186144e-01 9.907907872392412996e-01 9.937746007148307026e-01 9.937676018840616576e-01 8.895672488632905273e-01
3.200000000000000067e-01 9.018636938414120729e-01 9.892131433022240961e-01 9.862265659019512354e-01 9.921027787627144656e-01 8.806196651557863797e-01
3.300000000000000155e-01 8.982467766462733927e-01 9.875611875727348110e-01 9.758793789485336045e-01 9.907739925562222272e-01 8.736794961224750855e-01
3.400000000000000244e-01 8.947694262882283089e-01 9.858525564567681698e-01 9.628785770379900688e-01 9.898646064476680495e-01 8.689074570901912375e-01
3.500000000000000333e-01 8.914470775907360478e-01 9.841061297321830326e-01 9.473902221144384628e-01 9.893881712618149971e-01 8.663873269791041443e-01
3.599999999999999867e-01 8.882946527083367405e-01 9.823417783861206898e-01 9.296000699146356183e-01 9.892899625515781947e-01 8.661327793700515087e-01
3.699999999999999956e-01 8.853264719663027638e-01 9.805800916904998665e-01 9.097128817032312798e-01 9.894517564315656877e-01 8.680945904146400993e-01
3.800000000000000044e-01 8.825561649208394366e-01 9.788420869193528162e-01 8.879519139691794960e-01 9.896993325092315885e-01 8.721672246691370978e-01
3.900000000000000133e-01 8.799965825833930833e-01 9.771489056277136154e-01 8.645586220743668449e-01 9.898119932702367230e-01 8.781942478992493806e-01
4.000000000000000222e-01 8.776597118192418501e-01 9.755215009127068404e-01 8.397926096882316616e-01 9.895332987007997572e-01 8.859725347467664047e-01
4.100000000000000311e-01 8.755565929791386814e-01 9.739803205408321674e-01 8.139318439191491894e-01 9.885822343626295972e-01 8.952556944611408385e-01
4.199999999999999845e-01 8.736972418497800374e-01 9.725449912257650986e-01 7.872731320280471623e-01 9.866641398720157330e-01 9.057574272948512029e-01
4.299999999999999933e-01 8.720905770112610256e-01 9.712340096512669385e-01 7.601328133060136771e-01 9.834808892861094387e-01 9.171556025994098693e-01
4.400000000000000022e-01 8.707443536651263694e-01 9.700644460271333758e-01 7.328475509647529584e-01 9.787399998470516227e-01 9.290977321684362744e-01
4.500000000000000111e-01 8.696651049437992276e-01 9.690516660177675989e-01 7.057750042275025004e-01 9.721625218880892705e-01 9.412082579940314053e-01
4.600000000000000200e-01 8.688580916308077384e-01 9.682090767725585190e-01 6.792940117337332717e-01 9.634897120415374383e-01 9.530977600440228015e-01
4.700000000000000289e-01 8.683272611123293849e-01 9.675479025008713041e-01 6.538037220591583765e-01 9.524886066004284446e-01 9.643738890047557355e-01
4.799999999999999822e-01 8.680752162463529764e-01 9.670769945665793621e-01 6.297208811869763334e-01 9.389566930314955373e-01 9.746535915546136186e-01
4.899999999999999911e-01 8.681031946797123089e-01 9.668026804319562739e-01 6.074742796515842924e-01 9.227259320049745472e-01 9.835760449777335435e-01
5.000000000000000000e-01 8.684110589699086669e-01 9.667286549730211842e-01 5.874952754869238181e-01 9.036664198807429216e-01 9.908156535653285246e-01
5.100000000000000089e-01 8.689972976834827723e-01 9.668559167430318402e-01 5.702035025387045541e-01 8.816900139994917618e-01 9.960944656901267180e-01
5.200000000000000178e-01 8.698590374517989332e-01 9.671827507116732559e-01 5.559875295116525340e-01 8.567542832238679296e-01 9.991934255500303230e-01
5.300000000000000266e-01 8.709920657748388972e-01 9.677047578957255203e-01 5.451814527879358385e-01 8.288672086537020034e-01 9.999619554878594885e-01
5.400000000000000355e-01 8.723908641803420627e-01 9.684149311680010364e-01 5.380400336707162889e-01 7.980931623413879406e-01 9.983254557484877445e-01
5.500000000000000444e-01 8.740486511753361443e-01 9.693037754318444277e-01 5.347164967997016793e-01 7.645608586228399561e-01 9.942903962349515234e-01
5.600000000000000533e-01 8.759574342750741094e-01 9.703594693230094270e-01 5.352476819139351250e-01 7.284742340646327419e-01 9.879467522527706214e-01
5.700000000000000622e-01 8.781080702650012615e-01 9.715680646887655536e-01 5.395502384295326470e-01 6.901276047819635551e-01 9.794676009525992155e-01
5.799999999999999600e-01 8.804903327478331709e-01 9.729137193273221795e-01 5.474290423597537592e-01 6.499270043457283652e-01 9.691057488533713071e-01
5.899999999999999689e-01 8.830929859521190473e-01 9.743789578714039390e-01 5.585959523502531665e-01 6.084202983038194956e-01 9.571873092387633841e-01
5.999999999999999778e-01 8.859038637315487241e-01 9.759449552799140948e-01 5.726947250227294450e-01 5.663392822399516691e-01 9.441022017614260076e-01
6.099999999999999867e-01 8.889099526652303185e-01 9.775918371626648451e-01 5.893272264288500484e-01 5.246567013537978275e-01 9.302916206020187539e-01
6.199999999999999956e-01 8.920974781766739525e-01 9.792989910972447198e-01 6.080769395940379685e-01 4.846577323517076707e-01 9.162326313986649540e-01
6.300000000000000044e-01 8.954519926208018843e-01 9.810453831883877429e-01 6.285274447345642335e-01 4.480137572039358251e-01 9.024202305883105568e-01
6.400000000000000133e-01 8.989584643407945164e-01 9.828098743469964038e-01 6.502752211702408358e-01 4.168176268116169370e-01 8.893474457476280293e-01
6.500000000000000222e-01 9.026013667663419504e-01 9.845715311026849159e-01 6.729372976944418827e-01 3.934907879773151262e-01 8.774843637434781574e-01
6.600000000000000311e-01 9.063647667080503290e-01 9.863099261832891651e-01 6.961548592187539741e-01 3.804399263804705278e-01 8.672573029887128415e-01
6.700000000000000400e-01 9.102324110954091996e-01 9.880054245704427140e-01 7.195940363649895311e-01 3.794368194698139463e-01 8.590296145177651610e-01
6.800000000000000488e-01 9.141878115041383035e-01 9.896394512472711513e-01 7.429449596462237571e-01 3.909860501751649675e-01 8.530856928332583022e-01
6.900000000000000577e-01 9.182143259194093243e-01 9.911947373708731579e-01 7.659199131607010713e-01 4.141399217652269038e-01 8.496195981238150452e-01
7.000000000000000666e-01 9.222952372813403299e-01 9.926555421108625987e-01 7.882511725598442265e-01 4.469081672397658411e-01 8.487291947040359608e-01
7.099999999999999645e-01 9.264138284556839853e-01 9.940078478824613262e-01 8.096889030814865551e-01 4.869086524968563312e-01 8.504159610716454099e-01
7.199999999999999734e-01 9.305534533636965477e-01 9.952395271594223214e-01 8.299993370960102590e-01 5.318552712489172940e-01 8.545897983683675703e-01
7.299999999999999822e-01 9.346976040892109872e-01 9.963404794735001291e-01 8.489633421989253304e-01 5.797729987496691439e-01 8.610774832162797487e-01
7.399999999999999911e-01 9.388299738568335329e-01 9.973027375919546467e-01 8.663754201741202809e-01 6.290288674633165433e-01 8.696330668690060994e-01
7.500000000000000000e-01 9.429345158422950401e-01 9.981205422144699968e-01 8.820431337047208720e-01 6.782859114622366015e-01 8.799485888729249305e-01
7.600000000000000089e-01 9.469954978340320295e-01 9.987903848501389348e-01 8.957869329193836050e-01 7.264414946095191228e-01 8.916638869180669724e-01
7.700000000000000178e-01 9.509975528141122458e-01 9.993110188297779084e-01 9.074403413703503452e-01 7.725739079387841102e-01 9.043748865826126693e-01
7.800000000000000266e-01 9.549257255669481026e-01 9.996834386860410371e-01 9.168504564584385452e-01 8.159026601632638487e-01 9.176403632453740133e-01
7.900000000000000355e-01 9.587655154563767823e-01 9.999108284012008241e-01 9.238787197791129557e-01 8.557611686715594912e-01 9.309876417548250682e-01
8.000000000000000444e-01 9.625029155362673228e-01 9.999984792878132689e-01 9.284019165819153985e-01 8.915789656704348198e-01 9.439179666958233961e-01
8.100000000000000533e-01 9.661244481775772552e-01 9.999536785377743930e-01 9.303133694876574156e-01 9.228707114997873884e-01 9.559123351000969881e-01
8.200000000000000622e-01 9.696171974064982102e-01 9.997855697565271038e-01 9.295242992912535751e-01 9.492299122731289174e-01 9.664384787003069688e-01
8.300000000000000711e-01 9.729688381547931808e-01 9.995049870957986027e-01 9.259653349647202214e-01 9.703258263426062236e-01 9.749594791922102655e-01
8.399999999999999689e-01 9.761676626254029987e-01 9.991242649126825803e-01 9.195881660259751511e-01 9.859025067858656621e-01 9.809442616898467193e-01
8.499999999999999778e-01 9.792026039746035693e-01 9.986570252151879545e-01 9.103673436700038257e-01 9.957792680833134069e-01 9.838799900212531480e-01
8.599999999999999867e-01 9.820632575071136516e-01 9.981179455020110503e-01 8.983022531360264074e-01 9.998521140818203978e-01 9.832862170422241865e-01
8.699999999999999956e-01 9.847398995731854177e-01 9.975225099617544000e-01 8.834192996428222866e-01 9.980958513440399971e-01 9.787305424230462458e-01
8.800000000000000044e-01 9.872235043473833738e-01 9.968867473557703196e-01 8.657743750886156553e-01 9.905667613009089267e-01 9.698455068561233627e-01
8.900000000000000133e-01 9.895057586579563136e-01 9.962269592579588995e-01 8.454557040800758649e-01 9.774058344762104333e-01 9.563465069531826845e-01
9.000000000000000222e-01 9.915790750238093754e-01 9.955594426504177363e-01 8.225872073743757396e-01 9.588426936786508259e-01 9.380506498235248181e-01
9.100000000000000311e-01 9.934366030434307326e-01 9.949002111598898024e-01 7.973325698863575894e-01 9.352004590181600685e-01 9.148966831362875807e-01
9.200000000000000400e-01 9.950722392669765215e-01 9.942647194493509089e-01 7.699002591664416695e-01 9.069019379788489932e-01 8.869664401210946014e-01
9.300000000000000488e-01 9.964806356692909040e-01 9.936675954341643857e-01 7.405498052602527137e-01 8.744776482663131345e-01 8.545086294614331335e-01
9.400000000000000577e-01 9.976572068280815664e-01 9.931223850563039024e-01 7.095997121779500372e-01 8.385762632004334360e-01 8.179662501466858915e-01
9.500000000000000666e-01 9.985981358979191258e-01 9.926413143084094060e-01 6.774373944145272164e-01 7.999780175814347194e-01 7.780093072375037222e-01
9.599999999999999645e-01 9.993003794572373755e-01 9.922350730405654629e-01 6.445314513006913382e-01 7.596112261536654975e-01 7.355745043870777211e-01
9.699999999999999734e-01 9.997616712921477689e-01 9.919126247998114598e-01 6.114462698395501938e-01 7.185709522338770139e-01 6.919123203691519564e-01
9.799999999999999822e-01 9.999805251676431306e-01 9.916810465442649214e-01 5.788581293150183438e-01 6.781363361797584366e-01 6.486373987135488628e-01
9.899999999999999911e-01 9.999562366236761646e-01 9.915454015452999093e-01 5.475702606347364609e-01 6.397782154624969131e-01 6.077669268484789944e-01
1.000000000000000000e+00 9.996888838205963967e-01 9.915086481538916141e-01 5.185211926623376488e-01 6.051408605559969178e-01 5.717094171515200163e-01
